(0, -19, 39)
(0, -19, 38)
(1, -20, 37)
(0, -20, 37)
(1, -21, 36)
(1, -21, 35)
(1, -21, 34)
(0, -20, 34)
(0, -20, 33)
(1, -20, 32)
(0, -19, 32)
(0, -19, 31)
(1, -19, 30)
(1, -19, 29)
(0, -19, 29)
(0, -19, 28)
(1, -19, 27)
(0, -18, 28)
(1, -18, 27)
(0, -17, 28)
(1, -17, 27)
(1, -17, 26)
(0, -16, 26)
(1, -16, 25)
(0, -15, 25)
(1, -15, 25)
(1, -15, 26)
(0, -14, 27)
(0, -14, 28)
(1, -14, 28)
(0, -13, 29)
(0, -13, 30)
(0, -13, 31)
(1, -14, 31)
(0, -14, 32)
(1, -15, 32)
(0, -15, 32)
(1, -16, 32)
(0, -16, 32)
(1, -17, 32)
(1, -17, 33)
(0, -16, 34)
(1, -16, 34)
(0, -15, 34)
(1, -15, 34)
(0, -14, 35)
(1, -14, 34)
(0, -13, 34)
(1, -13, 33)
(0, -12, 34)
(0, -12, 35)
(1, -13, 35)
(0, -13, 36)
(1, -14, 36)
(1, -14, 37)
(0, -14, 38)
(1, -15, 37)
(0, -15, 37)
(1, -16, 37)
(1, -16, 38)
(1, -16, 39)
(0, -16, 40)
(0, -16, 41)
(1, -16, 41)
(0, -15, 42)
(1, -15, 41)
(0, -14, 41)
(1, -14, 40)
(0, -13, 41)
(0, -13, 42)
(1, -14, 42)
(0, -14, 43)
(0, -14, 44)
(0, -14, 45)
(1, -14, 45)
(0, -13, 45)
(1, -13, 44)
(0, -12, 44)
(0, -12, 43)
(0, -12, 42)
(0, -12, 41)
(0, -12, 40)
(0, -12, 39)
(1, -12, 38)
(0, -11, 39)
(0, -11, 40)
(1, -11, 40)
(1, -11, 41)
(1, -11, 42)
(0, -10, 43)
(1, -10, 42)
(0, -9, 43)
(0, -9, 44)
(1, -10, 44)
(1, -10, 45)
(0, -9, 46)
(1, -9, 45)
(0, -8, 46)
(1, -8, 46)
(0, -7, 47)
(0, -7, 48)
(1, -8, 48)
(1, -8, 49)
(0, -7, 50)
(1, -7, 50)
(1, -7, 51)
(0, -6, 52)
(0, -6, 53)
(1, -7, 53)
(0, -7, 54)
(0, -7, 55)
(1, -8, 55)
(0, -8, 56)
(1, -9, 55)
(0, -9, 55)
(1, -10, 54)
(0, -10, 54)
(1, -11, 54)
(1, -11, 55)
(0, -11, 56)
(1, -12, 56)
(0, -12, 57)
(1, -13, 56)
(0, -13, 56)
(0, -13, 55)
(1, -13, 54)
(0, -12, 55)
(1, -12, 54)
(1, -12, 53)
(0, -11, 53)
(0, -11, 52)
(1, -11, 51)
(0, -10, 52)
(1, -10, 52)
(0, -9, 53)
(1, -9, 53)
(0, -8, 53)
(1, -8, 52)
(1, -8, 51)
(0, -8, 51)
(1, -9, 50)
(1, -9, 49)
(1, -9, 48)
(0, -9, 48)
(1, -10, 47)
(0, -10, 48)
(1, -11, 48)
(1, -11, 49)
(0, -11, 50)
(1, -12, 50)
(0, -12, 51)
(0, -12, 52)
(1, -13, 52)
(0, -13, 52)
(0, -13, 51)
(1, -14, 50)
(0, -14, 51)
(1, -15, 50)
(0, -15, 51)
(0, -15, 52)
(0, -15, 53)
(0, -15, 54)
(1, -15, 54)
(0, -14, 55)
(0, -14, 56)
(0, -14, 57)
(1, -15, 57)
(0, -15, 58)
(1, -16, 58)
(0, -16, 59)
(1, -17, 58)
(1, -17, 57)
(0, -16, 57)
(1, -16, 56)
(1, -16, 55)
(0, -16, 55)
(1, -17, 55)
(0, -17, 56)
(1, -18, 56)
(1, -18, 57)
(1, -18, 58)
(0, -18, 59)
(0, -18, 60)
(1, -18, 60)
(0, -17, 61)
(1, -17, 61)
(0, -16, 61)
(1, -16, 61)
(0, -15, 62)
(1, -15, 61)
(0, -14, 62)
(0, -14, 63)
(0, -14, 64)
(1, -15, 64)
(0, -15, 64)
(1, -16, 63)
(0, -16, 64)
(1, -17, 63)
(0, -17, 64)
(0, -17, 65)
(1, -18, 65)
(0, -18, 65)
(0, -18, 64)
(1, -19, 63)
(0, -19, 63)
(1, -20, 63)
(1, -20, 64)
(1, -20, 65)
(0, -20, 66)
(1, -21, 66)
(0, -21, 67)
(1, -22, 66)
(1, -22, 65)
(0, -22, 65)
(1, -23, 65)
(1, -23, 66)
(0, -23, 67)
(0, -23, 68)
(1, -23, 68)
(1, -23, 69)
(0, -23, 70)
(1, -24, 69)
(0, -24, 69)
(1, -25, 69)
(0, -25, 70)
(1, -26, 69)
(0, -26, 70)
(1, -27, 69)
(0, -27, 69)
(0, -27, 68)
(1, -27, 67)
(0, -26, 67)
(0, -26, 66)
(1, -26, 65)
(1, -26, 64)
(0, -25, 64)
(1, -25, 63)
(0, -24, 64)
(1, -24, 63)
(1, -24, 62)
(0, -24, 62)
(1, -25, 61)
(0, -25, 61)
(1, -26, 61)
(0, -26, 61)
(1, -27, 61)
(0, -27, 61)
(0, -27, 60)
(0, -27, 59)
(1, -27, 58)
(0, -26, 59)
(1, -26, 58)
(1, -26, 57)
(1, -26, 56)
(0, -25, 56)
(1, -25, 55)
(0, -24, 56)
(1, -24, 55)
(0, -23, 56)
(0, -23, 57)
(1, -23, 57)
(1, -23, 58)
(1, -23, 59)
(0, -22, 60)
(1, -22, 59)
(0, -21, 59)
(1, -21, 59)
(0, -20, 60)
(1, -20, 59)
(1, -20, 58)
(1, -20, 57)
(0, -20, 57)
(0, -20, 56)
(1, -20, 55)
(1, -20, 54)
(0, -19, 54)
(1, -19, 54)
(0, -18, 55)
(1, -18, 54)
(0, -17, 54)
(0, -17, 53)
(1, -17, 52)
(1, -17, 51)
(1, -17, 50)
(0, -16, 50)
(0, -16, 49)
(1, -17, 48)
(0, -17, 49)
(1, -18, 48)
(0, -18, 48)
(1, -19, 48)
(0, -19, 48)
(1, -20, 47)
(0, -20, 47)
(1, -21, 47)
(0, -21, 47)
(1, -22, 46)
(0, -22, 46)
(0, -22, 45)
(1, -22, 44)
(1, -22, 43)
(0, -21, 43)
(1, -21, 43)
(0, -20, 44)
(1, -20, 44)
(0, -19, 45)
(1, -19, 45)
(0, -18, 45)
(1, -18, 45)
(1, -18, 46)
(0, -17, 47)
(1, -17, 46)
(0, -16, 47)
(1, -16, 46)
(1, -16, 45)
(0, -15, 45)
(0, -15, 44)
(1, -16, 43)
(0, -16, 43)
(1, -17, 43)
(0, -17, 44)
(1, -18, 43)
(0, -18, 43)
(1, -19, 42)
(0, -19, 43)
(1, -20, 42)
(0, -20, 42)
(0, -20, 41)
(1, -21, 40)
(0, -21, 41)
(1, -22, 41)
(0, -22, 41)
(1, -23, 40)
(0, -23, 41)
(0, -23, 42)
(1, -24, 42)
(0, -24, 42)
(1, -25, 42)
(0, -25, 43)
(1, -26, 43)
(0, -26, 43)
(0, -26, 42)
(1, -27, 41)
(0, -27, 41)
(1, -28, 40)
(0, -28, 41)
(0, -28, 42)
(1, -28, 42)
(1, -28, 43)
(0, -28, 44)
(1, -29, 44)
(0, -29, 44)
(0, -29, 43)
(0, -29, 42)
(1, -30, 41)
(1, -30, 40)
(1, -30, 39)
(0, -29, 39)
(1, -29, 39)
(0, -28, 39)
(1, -28, 38)
(0, -27, 39)
(1, -27, 39)
(0, -26, 39)
(0, -26, 38)
(0, -26, 37)
(1, -27, 36)
(1, -27, 35)
(0, -27, 35)
(1, -28, 35)
(0, -28, 36)
(1, -29, 36)
(0, -29, 36)
(0, -29, 35)
(1, -29, 34)
(0, -28, 34)
(0, -28, 33)
(1, -29, 32)
(1, -29, 31)
(0, -29, 31)
(1, -30, 30)
(1, -30, 29)
(0, -29, 29)
(1, -29, 28)
(0, -28, 29)
(1, -28, 29)
(0, -27, 30)
(1, -27, 30)
(0, -26, 30)
(0, -26, 29)
(1, -27, 28)
(1, -27, 27)
(0, -27, 27)
(1, -28, 27)
(0, -28, 27)
(1, -29, 26)
(1, -29, 25)
(1, -29, 24)
(1, -29, 23)
(0, -28, 23)
(1, -28, 22)
(0, -27, 22)
(0, -27, 21)
(1, -27, 20)
(0, -26, 21)
(1, -26, 20)
(0, -25, 20)
(0, -25, 19)
(1, -26, 18)
(1, -26, 17)
(0, -26, 17)
(1, -27, 16)
(1, -27, 15)
(1, -27, 14)
(0, -26, 14)
(1, -26, 14)
(0, -25, 14)
(1, -25, 14)
(0, -24, 14)
(1, -24, 14)
(1, -24, 15)
(0, -23, 16)
(1, -23, 15)
(1, -23, 14)
(1, -23, 13)
(1, -23, 12)
(0, -22, 12)
(1, -22, 11)
(0, -21, 12)
(0, -21, 13)
(0, -21, 14)
(0, -21, 15)
(0, -21, 16)
(1, -22, 16)
(0, -22, 17)
(1, -23, 17)
(0, -23, 18)
(1, -24, 18)
(0, -24, 19)
(0, -24, 20)
(0, -24, 21)
(1, -25, 21)
(0, -25, 22)
(1, -26, 22)
(1, -26, 23)
(1, -26, 24)
(0, -25, 25)
(1, -25, 25)
(0, -24, 26)
(1, -24, 26)
(1, -24, 27)
(0, -24, 28)
(1, -25, 28)
(1, -25, 29)
(0, -25, 30)
(0, -25, 31)
(1, -25, 31)
(0, -24, 31)
(1, -24, 30)
(0, -23, 30)
(1, -23, 29)
(0, -22, 29)
(1, -22, 28)
(0, -21, 29)
(0, -21, 30)
(1, -21, 30)
(0, -20, 30)
(0, -20, 29)
(0, -20, 28)
(1, -21, 27)
(1, -21, 26)
(1, -21, 25)
(1, -21, 24)
(0, -20, 24)
(0, -20, 23)
(0, -20, 22)
(0, -20, 21)
(1, -21, 20)
(0, -21, 21)
(1, -22, 20)
(1, -22, 19)
(0, -21, 19)
(1, -21, 18)
(1, -21, 17)
(0, -20, 17)
(0, -20, 16)
(1, -20, 15)
(0, -19, 16)
(0, -19, 17)
(0, -19, 18)
(0, -19, 19)
(1, -19, 19)
(0, -18, 20)
(1, -18, 19)
(0, -17, 20)
(1, -17, 19)
(0, -16, 19)
(0, -16, 18)
(1, -16, 17)
(0, -15, 17)
(1, -15, 16)
(0, -14, 16)
(1, -14, 15)
(0, -13, 16)
(1, -13, 15)
(0, -12, 16)
(1, -12, 15)
(0, -11, 15)
(0, -11, 14)
(0, -11, 13)
(0, -11, 12)
(1, -11, 11)
(1, -11, 10)
(0, -11, 10)
(1, -12, 10)
(0, -12, 10)
(1, -13, 10)
(0, -13, 10)
(1, -14, 10)
(0, -14, 11)
(0, -14, 12)
(1, -15, 12)
(0, -15, 13)
(1, -16, 12)
(0, -16, 12)
(1, -17, 11)
(0, -17, 12)
(1, -18, 11)
(1, -18, 10)
(1, -18, 9)
(1, -18, 8)
(0, -17, 8)
(1, -17, 7)
(1, -17, 6)
(0, -16, 6)
(0, -16, 5)
(1, -17, 4)
(0, -17, 5)
(1, -18, 4)
(0, -18, 5)
(1, -19, 4)
(0, -19, 5)
(1, -20, 4)
(1, -20, 3)
(1, -20, 2)
(1, -20, 1)
(0, -19, 1)
(1, -19, 0)
(1, -19, -1)
(0, -18, -1)
(1, -18, -1)
(0, -17, -1)
(0, -17, -2)
(1, -17, -3)
(0, -16, -2)
(1, -16, -2)
(1, -16, -1)
(0, -15, 0)
(1, -15, -1)
(1, -15, -2)
(1, -15, -3)
(0, -15, -3)
(1, -16, -4)
(0, -16, -4)
(1, -17, -5)
(0, -17, -4)
(1, -18, -4)
(0, -18, -3)
(1, -19, -4)
(0, -19, -3)
(1, -20, -3)
(1, -20, -2)
(1, -20, -1)
(0, -20, 0)
(1, -21, 0)
(1, -21, 1)
(1, -21, 2)
(0, -21, 3)
(1, -22, 2)
(0, -22, 2)
(1, -23, 2)
(1, -23, 3)
(0, -23, 4)
(1, -24, 4)
(0, -24, 4)
(0, -24, 3)
(1, -24, 2)
(1, -24, 1)
(0, -23, 1)
(1, -23, 0)
(1, -23, -1)
(0, -23, -1)
(1, -24, -1)
(0, -24, 0)
(1, -25, -1)
(0, -25, -1)
(0, -25, -2)
(1, -26, -3)
(1, -26, -4)
(0, -25, -4)
(1, -25, -4)
(0, -24, -4)
(1, -24, -5)
(0, -23, -5)
(1, -23, -6)
(1, -23, -7)
(0, -23, -7)
(1, -24, -8)
(0, -24, -7)
(1, -25, -7)
(0, -25, -7)
(0, -25, -8)
(1, -26, -9)
(0, -26, -8)
(0, -26, -7)
(1, -27, -7)
(0, -27, -7)
(1, -28, -8)
(0, -28, -7)
(1, -29, -7)
(1, -29, -6)
(0, -28, -5)
(1, -28, -5)
(0, -27, -5)
(1, -27, -5)
(1, -27, -4)
(1, -27, -3)
(1, -27, -2)
(0, -26, -1)
(0, -26, 0)
(0, -26, 1)
(1, -27, 1)
(0, -27, 2)
(1, -28, 1)
(0, -28, 2)
(1, -29, 2)
(0, -29, 3)
(0, -29, 4)
(1, -29, 4)
(1, -29, 5)
(1, -29, 6)
(0, -29, 7)
(1, -30, 6)
(1, -30, 5)
(0, -30, 5)
(0, -30, 4)
(1, -31, 3)
(0, -31, 3)
(1, -32, 3)
(1, -32, 4)
(0, -32, 5)
(1, -33, 4)
(0, -33, 4)
(1, -34, 3)
(1, -34, 2)
(0, -34, 2)
(0, -34, 1)
(0, -34, 0)
(0, -34, -1)
(1, -34, -2)
(0, -33, -2)
(0, -33, -3)
(1, -33, -4)
(0, -32, -3)
(0, -32, -2)
(1, -32, -2)
(0, -31, -1)
(0, -31, 0)
(1, -31, 0)
(0, -30, 1)
(1, -30, 0)
(1, -30, -1)
(1, -30, -2)
(1, -30, -3)
(0, -30, -3)
(1, -31, -4)
(1, -31, -5)
(0, -31, -5)
(0, -31, -6)
(0, -31, -7)
(1, -32, -8)
(1, -32, -9)
(1, -32, -10)
(0, -31, -10)
(1, -31, -10)
(0, -30, -9)
(1, -30, -9)
(0, -29, -9)
(1, -29, -9)
(0, -28, -9)
(1, -28, -10)
(0, -27, -9)
(1, -27, -10)
(0, -26, -10)
(1, -26, -11)
(1, -26, -12)
(1, -26, -13)
(1, -26, -14)
(0, -25, -14)
(1, -25, -14)
(1, -25, -13)
(0, -24, -12)
(1, -24, -13)
(0, -23, -12)
(1, -23, -13)
(1, -23, -14)
(0, -22, -14)
(1, -22, -14)
(0, -21, -13)
(1, -21, -13)
(0, -20, -12)
(0, -20, -11)
(1, -20, -11)
(0, -19, -11)
(1, -19, -12)
(1, -19, -13)
(0, -18, -13)
(0, -18, -14)
(1, -19, -15)
(1, -19, -16)
(1, -19, -17)
(0, -19, -17)
(1, -20, -17)
(1, -20, -16)
(0, -20, -15)
(1, -21, -15)
(0, -21, -15)
(0, -21, -16)
(1, -21, -17)
(1, -21, -18)
(0, -20, -18)
(0, -20, -19)
(1, -20, -20)
(1, -20, -21)
(0, -20, -21)
(1, -21, -22)
(1, -21, -23)
(0, -20, -23)
(0, -20, -24)
(1, -20, -25)
(1, -20, -26)
(0, -19, -26)
(1, -19, -27)
(0, -18, -26)
(0, -18, -25)
(1, -19, -25)
(1, -19, -24)
(1, -19, -23)
(1, -19, -22)
(1, -19, -21)
(1, -19, -20)
(0, -18, -19)
(1, -18, -19)
(0, -17, -18)
(1, -17, -18)
(0, -16, -17)
(0, -16, -16)
(1, -16, -16)
(0, -15, -15)
(1, -15, -15)
(0, -14, -15)
(1, -14, -16)
(1, -14, -17)
(0, -13, -17)
(0, -13, -18)
(1, -13, -19)
(0, -12, -19)
(1, -12, -20)
(0, -11, -20)
(1, -11, -21)
(0, -10, -20)
(1, -10, -21)
(0, -9, -21)
(1, -9, -21)
(1, -9, -20)
(1, -9, -19)
(0, -9, -18)
(0, -9, -17)
(1, -10, -17)
(1, -10, -16)
(0, -10, -15)
(1, -11, -15)
(1, -11, -14)
(0, -10, -13)
(1, -10, -13)
(1, -10, -12)
(1, -10, -11)
(0, -9, -10)
(1, -9, -10)
(1, -9, -9)
(1, -9, -8)
(0, -9, -7)
(1, -10, -7)
(0, -10, -6)
(1, -11, -6)
(0, -11, -6)
(1, -12, -6)
(0, -12, -5)
(0, -12, -4)
(0, -12, -3)
(1, -13, -3)
(0, -13, -2)
(0, -13, -1)
(1, -13, -1)
(1, -13, 0)
(0, -12, 1)
(1, -12, 1)
(0, -11, 2)
(1, -11, 2)
(1, -11, 3)
(0, -11, 4)
(1, -12, 3)
(0, -12, 3)
(1, -13, 3)
(0, -13, 4)
(1, -14, 3)
(1, -14, 2)
(0, -14, 2)
(1, -15, 2)
(1, -15, 3)
(1, -15, 4)
(1, -15, 5)
(1, -15, 6)
(0, -14, 7)
(1, -14, 7)
(0, -13, 7)
(1, -13, 7)
(0, -12, 8)
(1, -12, 8)
(0, -11, 8)
(1, -11, 8)
(0, -10, 8)
(1, -10, 7)
(0, -9, 7)
(0, -9, 6)
(0, -9, 5)
(0, -9, 4)
(1, -9, 3)
(1, -9, 2)
(1, -9, 1)
(1, -9, 0)
(0, -8, 0)
(0, -8, -1)
(1, -8, -2)
(0, -7, -2)
(1, -7, -3)
(0, -6, -3)
(0, -6, -4)
(1, -7, -5)
(1, -7, -6)
(0, -6, -6)
(1, -6, -6)
(0, -5, -5)
(1, -5, -6)
(0, -4, -5)
(1, -4, -6)
(0, -3, -5)
(1, -3, -6)
(0, -2, -6)
(1, -2, -7)
(0, -1, -7)
(0, -1, -8)
(0, -1, -9)
(1, -1, -10)
(0, 0, -9)
(0, 0, -8)
(0, 0, -7)
(1, 0, -7)
(0, 1, -6)
(0, 1, -5)
(1, 0, -5)
(0, 0, -5)
(1, -1, -5)
(1, -1, -4)
(1, -1, -3)
(0, 0, -2)
(1, 0, -2)
(0, 1, -2)
(1, 1, -3)
(0, 2, -3)
(0, 2, -4)
(1, 2, -5)
(1, 2, -6)
(0, 2, -6)
(0, 2, -7)
(1, 1, -8)
(0, 1, -8)
(0, 1, -9)
(0, 1, -10)
(1, 0, -11)
(1, 0, -12)
(0, 0, -12)
(0, 0, -13)
(1, -1, -14)
(0, -1, -14)
(1, -2, -15)
(0, -2, -15)
(1, -3, -16)
(1, -3, -17)
(1, -3, -18)
(1, -3, -19)
(0, -2, -19)
(1, -2, -20)
(0, -1, -20)
(1, -1, -20)
(0, 0, -19)
(1, 0, -19)
(0, 1, -19)
(1, 1, -19)
(0, 2, -19)
(0, 2, -20)
(1, 1, -21)
(1, 1, -22)
(1, 1, -23)
(1, 1, -24)
(1, 1, -25)
(0, 1, -25)
(1, 0, -25)
(0, 0, -25)
(0, 0, -26)
(0, 0, -27)
(1, 0, -28)
(1, 0, -29)
(0, 0, -29)
(0, 0, -30)
(1, -1, -31)
(0, -1, -30)
(0, -1, -29)
(1, -2, -29)
(1, -2, -28)
(0, -1, -27)
(0, -1, -26)
(1, -2, -26)
(0, -2, -25)
(1, -3, -25)
(0, -3, -25)
(1, -4, -26)
(1, -4, -27)
(1, -4, -28)
(0, -3, -28)
(1, -3, -29)
(1, -3, -30)
(1, -3, -31)
(0, -2, -31)
(0, -2, -32)
(0, -2, -33)
(1, -2, -34)
(0, -1, -34)
(1, -1, -34)
(1, -1, -33)
(0, 0, -32)
(1, 0, -33)
(0, 1, -33)
(1, 1, -33)
(1, 1, -32)
(0, 1, -31)
(0, 1, -30)
(1, 1, -30)
(0, 2, -29)
(1, 2, -30)
(1, 2, -31)
(1, 2, -32)
(0, 3, -32)
(0, 3, -33)
(1, 3, -34)
(1, 3, -35)
(0, 3, -35)
(0, 3, -36)
(1, 2, -37)
(0, 2, -36)
(1, 1, -36)
(0, 1, -36)
(1, 0, -36)
(0, 0, -36)
(0, 0, -37)
(1, -1, -38)
(0, -1, -38)
(1, -2, -39)
(0, -2, -39)
(1, -3, -40)
(0, -3, -40)
(1, -4, -40)
(0, -4, -39)
(0, -4, -38)
(1, -5, -38)
(0, -5, -38)
(1, -6, -38)
(1, -6, -37)
(0, -6, -36)
(0, -6, -35)
(1, -6, -35)
(0, -5, -34)
(1, -5, -34)
(0, -4, -34)
(1, -4, -34)
(0, -3, -33)
(0, -3, -32)
(1, -4, -32)
(0, -4, -32)
(1, -5, -32)
(0, -5, -32)
(1, -6, -32)
(1, -6, -31)
(0, -6, -30)
(1, -7, -30)
(0, -7, -30)
(0, -7, -31)
(1, -8, -32)
(0, -8, -32)
(1, -9, -33)
(0, -9, -33)
(0, -9, -34)
(1, -10, -35)
(0, -10, -34)
(1, -11, -34)
(1, -11, -33)
(1, -11, -32)
(1, -11, -31)
(0, -10, -30)
(0, -10, -29)
(1, -10, -29)
(1, -10, -28)
(0, -9, -27)
(1, -9, -27)
(0, -8, -27)
(1, -8, -28)
(0, -7, -28)
(1, -7, -28)
(0, -6, -28)
(1, -6, -28)
(1, -6, -27)
(0, -6, -26)
(0, -6, -25)
(0, -6, -24)
(0, -6, -23)
(0, -6, -22)
(1, -7, -22)
(0, -7, -22)
(0, -7, -23)
(0, -7, -24)
(1, -8, -25)
(0, -8, -25)
(1, -9, -25)
(0, -9, -25)
(1, -10, -26)
(0, -10, -25)
(1, -11, -25)
(0, -11, -24)
(0, -11, -23)
(1, -12, -23)
(0, -12, -23)
(0, -12, -24)
(1, -13, -25)
(0, -13, -25)
(1, -14, -26)
(0, -14, -25)
(1, -15, -26)
(0, -15, -25)
(1, -16, -26)
(1, -16, -27)
(0, -15, -27)
(1, -15, -28)
(0, -14, -27)
(1, -14, -28)
(0, -13, -27)
(1, -13, -28)
(1, -13, -29)
(1, -13, -30)
(0, -12, -30)
(1, -12, -31)
(1, -12, -32)
(0, -12, -32)
(1, -13, -32)
(0, -13, -32)
(1, -14, -32)
(1, -14, -31)
(0, -14, -30)
(1, -15, -31)
(1, -15, -32)
(1, -15, -33)
(1, -15, -34)
(0, -15, -34)
(1, -16, -34)
(0, -16, -34)
(1, -17, -34)
(1, -17, -33)
(0, -16, -32)
(1, -16, -32)
(1, -16, -31)
(0, -16, -30)
(0, -16, -29)
(0, -16, -28)
(1, -17, -28)
(0, -17, -28)
(0, -17, -29)
(1, -18, -30)
(1, -18, -31)
(1, -18, -32)
(0, -18, -32)
(1, -19, -33)
(1, -19, -34)
(1, -19, -35)
(1, -19, -36)
(0, -18, -36)
(1, -18, -37)
(0, -17, -36)
(1, -17, -37)
(1, -17, -38)
(1, -17, -39)
(0, -16, -39)
(1, -16, -39)
(0, -15, -39)
(0, -15, -40)
(0, -15, -41)
(1, -15, -42)
(1, -15, -43)
(0, -15, -43)
(1, -16, -43)
(0, -16, -42)
(1, -17, -43)
(1, -17, -44)
(0, -16, -44)
(1, -16, -45)
(1, -16, -46)
(0, -16, -46)
(1, -17, -47)
(1, -17, -48)
(1, -17, -49)
(0, -16, -49)
(1, -16, -50)
(1, -16, -51)
(0, -16, -51)
(1, -17, -52)
(1, -17, -53)
(1, -17, -54)
(0, -17, -54)
(1, -18, -54)
(0, -18, -53)
(0, -18, -52)
(0, -18, -51)
(1, -18, -51)
(1, -18, -50)
(1, -18, -49)
(1, -18, -48)
(1, -18, -47)
(1, -18, -46)
(1, -18, -45)
(0, -18, -44)
(0, -18, -43)
(1, -19, -43)
(0, -19, -42)
(0, -19, -41)
(1, -19, -41)
(0, -18, -41)
(1, -18, -42)
(0, -17, -41)
(0, -17, -40)
(1, -18, -40)
(0, -18, -39)
(1, -19, -39)
(0, -19, -39)
(1, -20, -40)
(0, -20, -40)
(0, -20, -41)
(0, -20, -42)
(1, -21, -43)
(1, -21, -44)
(0, -21, -44)
(1, -22, -44)
(1, -22, -43)
(1, -22, -42)
(0, -22, -41)
(1, -23, -42)
(0, -23, -41)
(1, -24, -41)
(0, -24, -41)
(0, -24, -42)
(1, -24, -43)
(1, -24, -44)
(0, -24, -44)
(0, -24, -45)
(0, -24, -46)
(1, -25, -47)
(0, -25, -47)
(1, -26, -48)
(0, -26, -47)
(1, -27, -47)
(1, -27, -46)
(0, -27, -45)
(1, -28, -45)
(1, -28, -44)
(0, -28, -43)
(0, -28, -42)
(1, -29, -42)
(1, -29, -41)
(1, -29, -40)
(1, -29, -39)
(0, -29, -38)
(1, -30, -38)
(0, -30, -38)
(1, -31, -38)
(0, -31, -38)
(1, -32, -38)
(0, -32, -38)
(1, -33, -38)
(1, -33, -37)
(0, -32, -36)
(0, -32, -35)
(1, -32, -35)
(0, -31, -34)
(1, -31, -35)
(1, -31, -36)
(0, -30, -36)
(1, -30, -36)
(1, -30, -35)
(0, -29, -34)
(1, -29, -35)
(1, -29, -36)
(1, -29, -37)
(0, -28, -37)
(1, -28, -38)
(0, -27, -38)
(0, -27, -39)
(1, -28, -40)
(1, -28, -41)
(0, -27, -41)
(1, -27, -42)
(0, -26, -42)
(1, -26, -43)
(0, -25, -42)
(0, -25, -41)
(1, -26, -41)
(1, -26, -40)
(1, -26, -39)
(0, -26, -38)
(0, -26, -37)
(1, -27, -37)
(0, -27, -36)
(1, -28, -36)
(1, -28, -35)
(1, -28, -34)
(0, -27, -33)
(0, -27, -32)
(1, -28, -32)
(0, -28, -31)
(1, -29, -31)
(0, -29, -30)
(1, -30, -31)
(0, -30, -30)
(0, -30, -29)
(0, -30, -28)
(0, -30, -27)
(0, -30, -26)
(1, -30, -26)
(0, -29, -25)
(1, -29, -26)
(1, -29, -27)
(0, -29, -27)
(0, -29, -28)
(1, -29, -29)
(0, -28, -28)
(1, -28, -29)
(0, -27, -28)
(1, -27, -28)
(1, -27, -27)
(0, -27, -26)
(0, -27, -25)
(1, -27, -25)
(1, -27, -24)
(0, -27, -23)
(1, -28, -24)
(0, -28, -23)
(0, -28, -22)
(0, -28, -21)
(0, -28, -20)
(1, -29, -20)
(1, -29, -19)
(0, -29, -18)
(1, -30, -19)
(1, -30, -20)
(1, -30, -21)
(1, -30, -22)
(1, -30, -23)
(0, -30, -23)
(0, -30, -24)
(1, -31, -25)
(0, -31, -24)
(1, -32, -25)
(0, -32, -24)
(0, -32, -23)
(1, -32, -23)
(0, -31, -22)
(1, -31, -22)
(1, -31, -21)
(1, -31, -20)
(1, -31, -19)
(1, -31, -18)
(0, -30, -17)
(1, -30, -17)
(0, -29, -16)
(0, -29, -15)
(1, -29, -15)
(0, -28, -15)
(1, -28, -15)
(0, -27, -14)
(0, -27, -13)
(1, -28, -13)
(0, -28, -12)
(1, -29, -12)
(0, -29, -11)
(1, -30, -11)
(0, -30, -11)
(0, -30, -12)
(0, -30, -13)
(0, -30, -14)
(1, -31, -15)
(0, -31, -15)
(1, -32, -16)
(0, -32, -15)
(1, -33, -15)
(0, -33, -15)
(1, -34, -15)
(0, -34, -15)
(0, -34, -16)
(1, -35, -17)
(0, -35, -17)
(1, -36, -17)
(1, -36, -16)
(0, -35, -15)
(0, -35, -14)
(0, -35, -13)
(1, -35, -13)
(0, -34, -13)
(1, -34, -13)
(0, -33, -13)
(1, -33, -13)
(1, -33, -12)
(1, -33, -11)
(1, -33, -10)
(0, -33, -9)
(1, -34, -9)
(1, -34, -8)
(0, -33, -7)
(0, -33, -6)
(0, -33, -5)
(1, -34, -5)
(0, -34, -5)
(1, -35, -6)
(0, -35, -5)
(1, -36, -5)
(0, -36, -4)
(0, -36, -3)
(1, -37, -3)
(1, -37, -2)
(0, -37, -1)
(1, -38, -1)
(1, -38, 0)
(0, -38, 1)
(1, -39, 0)
(0, -39, 1)
(1, -40, 1)
(1, -40, 2)
(1, -40, 3)
(0, -39, 4)
(0, -39, 5)
(0, -39, 6)
(0, -39, 7)
(0, -39, 8)
(1, -39, 8)
(1, -39, 9)
(0, -39, 10)
(0, -39, 11)
(1, -40, 11)
(0, -40, 12)
(0, -40, 13)
(1, -40, 13)
(0, -39, 13)
(1, -39, 12)
(0, -38, 12)
(1, -38, 12)
(1, -38, 13)
(0, -37, 14)
(1, -37, 14)
(0, -36, 14)
(0, -36, 13)
(0, -36, 12)
(1, -37, 11)
(1, -37, 10)
(0, -37, 10)
(1, -38, 9)
(1, -38, 8)
(0, -37, 8)
(1, -37, 8)
(0, -36, 9)
(1, -36, 8)
(1, -36, 7)
(0, -35, 7)
(0, -35, 6)
(1, -35, 5)
(0, -34, 5)
(1, -34, 5)
(0, -33, 6)
(0, -33, 7)
(1, -33, 7)
(0, -32, 8)
(0, -32, 9)
(1, -32, 9)
(0, -31, 9)
(0, -31, 8)
(1, -31, 7)
(0, -30, 8)
(0, -30, 9)
(1, -30, 9)
(0, -29, 9)
(1, -29, 8)
(0, -28, 9)
(1, -28, 9)
(0, -27, 9)
(0, -27, 8)
(1, -27, 7)
(0, -26, 7)
(1, -26, 7)
(0, -25, 8)
(1, -25, 7)
(0, -24, 8)
(1, -24, 7)
(0, -23, 7)
(1, -23, 6)
(0, -22, 6)
(1, -22, 5)
(0, -21, 6)
(0, -21, 7)
(1, -21, 7)
(0, -20, 7)
(1, -20, 6)
(0, -19, 7)
(1, -19, 7)
(1, -19, 8)
(0, -19, 9)
(1, -20, 9)
(0, -20, 9)
(1, -21, 9)
(0, -21, 10)
(1, -22, 9)
(1, -22, 8)
(0, -22, 8)
(1, -23, 8)
(1, -23, 9)
(0, -23, 10)
(1, -24, 10)
(0, -24, 11)
(1, -25, 10)
(0, -25, 10)
(1, -26, 10)
(1, -26, 11)
(0, -26, 12)
(1, -27, 12)
(0, -27, 13)
(1, -28, 13)
(0, -28, 14)
(1, -29, 14)
(0, -29, 14)
(1, -30, 14)
(0, -30, 14)
(1, -31, 14)
(0, -31, 15)
(1, -32, 15)
(1, -32, 16)
(0, -31, 17)
(1, -31, 17)
(0, -30, 18)
(1, -30, 17)
(0, -29, 17)
(1, -29, 17)
(1, -29, 18)
(0, -29, 19)
(0, -29, 20)
(1, -30, 20)
(0, -30, 20)
(1, -31, 20)
(0, -31, 20)
(0, -31, 19)
(1, -32, 18)
(0, -32, 19)
(1, -33, 19)
(1, -33, 20)
(1, -33, 21)
(1, -33, 22)
(0, -32, 23)
(1, -32, 23)
(0, -31, 23)
(1, -31, 23)
(1, -31, 24)
(0, -31, 25)
(0, -31, 26)
(1, -32, 26)
(0, -32, 26)
(1, -33, 25)
(1, -33, 24)
(0, -33, 24)
(1, -34, 24)
(0, -34, 25)
(0, -34, 26)
(1, -35, 26)
(1, -35, 27)
(0, -34, 28)
(1, -34, 27)
(0, -33, 27)
(1, -33, 27)
(1, -33, 28)
(0, -32, 29)
(1, -32, 29)
(1, -32, 30)
(1, -32, 31)
(0, -32, 32)
(0, -32, 33)
(1, -32, 33)
(0, -31, 34)
(1, -31, 34)
(1, -31, 35)
(0, -30, 36)
(0, -30, 37)
(0, -30, 38)
(1, -31, 38)
(0, -31, 39)
(1, -32, 39)
(0, -32, 40)
(1, -33, 39)
(0, -33, 40)
(1, -34, 39)
(0, -34, 39)
(1, -35, 38)
(0, -35, 38)
(1, -36, 38)
(0, -36, 39)
(1, -37, 38)
(0, -37, 39)
(1, -38, 38)
(1, -38, 37)
(0, -38, 37)
(1, -39, 36)
(0, -39, 37)
(0, -39, 38)
(0, -39, 39)
(1, -39, 39)
(0, -38, 40)
(0, -38, 41)
(1, -39, 41)
(0, -39, 42)
(0, -39, 43)
(1, -40, 43)
(0, -40, 44)
(0, -40, 45)
(1, -41, 45)
(0, -41, 46)
(0, -41, 47)
(1, -41, 47)
(0, -40, 47)
(1, -40, 46)
(0, -39, 46)
(1, -39, 45)
(1, -39, 44)
(0, -38, 44)
(1, -38, 43)
(1, -38, 42)
(0, -37, 42)
(1, -37, 42)
(0, -36, 43)
(0, -36, 44)
(1, -37, 44)
(0, -37, 45)
(0, -37, 46)
(0, -37, 47)
(1, -38, 47)
(1, -38, 48)
(0, -38, 49)
(1, -39, 49)
(0, -39, 50)
(0, -39, 51)
(0, -39, 52)
(1, -39, 52)
(1, -39, 53)
(0, -38, 54)
(0, -38, 55)
(1, -38, 55)
(1, -38, 56)
(0, -38, 57)
(0, -38, 58)
(1, -38, 58)
(1, -38, 59)
(0, -38, 60)
(0, -38, 61)
(1, -39, 61)
(0, -39, 61)
(1, -40, 60)
(1, -40, 59)
(1, -40, 58)
(0, -39, 58)
(0, -39, 57)
(0, -39, 56)
(1, -40, 55)
(0, -40, 56)
(1, -41, 55)
(0, -41, 55)
(1, -42, 54)
(0, -42, 55)
(1, -43, 54)
(0, -43, 54)
(0, -43, 53)
(1, -43, 52)
(1, -43, 51)
(0, -42, 51)
(1, -42, 51)
(0, -41, 51)
(1, -41, 51)
(0, -40, 51)
(0, -40, 50)
(1, -41, 49)
(0, -41, 49)
(1, -42, 49)
(0, -42, 49)
(1, -43, 48)
(0, -43, 48)
(1, -44, 48)
(0, -44, 48)
(0, -44, 47)
(0, -44, 46)
(0, -44, 45)
(1, -44, 44)
(0, -43, 45)
(1, -43, 44)
(1, -43, 43)
(1, -43, 42)
(0, -42, 42)
(0, -42, 41)
(0, -42, 40)
(0, -42, 39)
(0, -42, 38)
(1, -42, 37)
(0, -41, 37)
(1, -41, 36)
(1, -41, 35)
(0, -40, 35)
(1, -40, 34)
(0, -39, 35)
(1, -39, 34)
(0, -38, 35)
(1, -38, 34)
(0, -37, 35)
(0, -37, 36)
(1, -37, 36)
(0, -36, 36)
(0, -36, 35)
(0, -36, 34)
(1, -36, 33)
(0, -35, 34)
(0, -35, 35)
(1, -35, 35)
(0, -34, 36)
(1, -34, 35)
(1, -34, 34)
(1, -34, 33)
(0, -34, 33)
(0, -34, 32)
(0, -34, 31)
(0, -34, 30)
(1, -35, 29)
(0, -35, 29)
(1, -36, 29)
(1, -36, 30)
(0, -36, 31)
(1, -37, 30)
(0, -37, 31)
(1, -38, 31)
(0, -38, 31)
(1, -39, 30)
(1, -39, 29)
(1, -39, 28)
(0, -38, 28)
(1, -38, 28)
(0, -37, 28)
(1, -37, 27)
(0, -36, 27)
(1, -36, 26)
(1, -36, 25)
(1, -36, 24)
(0, -36, 24)
(0, -36, 23)
(1, -37, 22)
(1, -37, 21)
(1, -37, 20)
(0, -37, 20)
(1, -38, 19)
(1, -38, 18)
(0, -38, 18)
(1, -39, 18)
(0, -39, 19)
(1, -40, 18)
(0, -40, 18)
(0, -40, 17)
(1, -41, 16)
(1, -41, 15)
(0, -41, 15)
(1, -42, 14)
(1, -42, 13)
(0, -42, 13)
(1, -43, 13)
(1, -43, 14)
(1, -43, 15)
(0, -43, 16)
(0, -43, 17)
(0, -43, 18)
(1, -43, 18)
(1, -43, 19)
(0, -43, 20)
(1, -44, 19)
(0, -44, 19)
(1, -45, 18)
(1, -45, 17)
(0, -45, 17)
(1, -46, 17)
(0, -46, 17)
(1, -47, 16)
(1, -47, 15)
(1, -47, 14)
(1, -47, 13)
(1, -47, 12)
(0, -47, 12)
(0, -47, 11)
(1, -48, 10)
(0, -48, 11)
(1, -49, 11)
(1, -49, 12)
(0, -49, 13)
(1, -50, 12)
(1, -50, 11)
(0, -50, 11)
(0, -50, 10)
(0, -50, 9)
(1, -51, 8)
(1, -51, 7)
(0, -51, 7)
(1, -52, 7)
(1, -52, 8)
(0, -52, 9)
(1, -53, 9)
(0, -53, 10)
(1, -54, 10)
(0, -54, 11)
(1, -55, 10)
(0, -55, 11)
(0, -55, 12)
(0, -55, 13)
(0, -55, 14)
(1, -55, 14)
(1, -55, 15)
(0, -54, 16)
(1, -54, 16)
(1, -54, 17)
(0, -53, 18)
(0, -53, 19)
(1, -54, 19)
(0, -54, 19)
(1, -55, 18)
(1, -55, 17)
(0, -55, 17)
(1, -56, 17)
(1, -56, 18)
(1, -56, 19)
(0, -55, 20)
(0, -55, 21)
(0, -55, 22)
(1, -56, 22)
(0, -56, 22)
(0, -56, 21)
(1, -57, 20)
(0, -57, 20)
(0, -57, 19)
(0, -57, 18)
(1, -57, 17)
(1, -57, 16)
(1, -57, 15)
(0, -57, 15)
(1, -58, 15)
(0, -58, 15)
(1, -59, 15)
(1, -59, 16)
(0, -58, 17)
(0, -58, 18)
(1, -59, 18)
(0, -59, 18)
(1, -60, 17)
(1, -60, 16)
(1, -60, 15)
(1, -60, 14)
(1, -60, 13)
(0, -59, 13)
(1, -59, 13)
(0, -58, 13)
(1, -58, 13)
(0, -57, 13)
(1, -57, 13)
(0, -56, 13)
(0, -56, 12)
(1, -57, 11)
(1, -57, 10)
(1, -57, 9)
(1, -57, 8)
(1, -57, 7)
(0, -56, 7)
(0, -56, 6)
(1, -57, 5)
(1, -57, 4)
(0, -57, 4)
(0, -57, 3)
(0, -57, 2)
(1, -58, 1)
(0, -58, 2)
(1, -59, 2)
(1, -59, 3)
(0, -59, 4)
(0, -59, 5)
(0, -59, 6)
(1, -60, 6)
(1, -60, 7)
(1, -60, 8)
(1, -60, 9)
(1, -60, 10)
(1, -60, 11)
(0, -60, 12)
(1, -61, 12)
(0, -61, 13)
(1, -62, 12)
(1, -62, 11)
(0, -61, 11)
(0, -61, 10)
(1, -61, 9)
(1, -61, 8)
(0, -61, 8)
(1, -62, 7)
(0, -62, 8)
(0, -62, 9)
(1, -63, 9)
(0, -63, 9)
(0, -63, 8)
(0, -63, 7)
(1, -64, 6)
(1, -64, 5)
(0, -64, 5)
(0, -64, 4)
(0, -64, 3)
(1, -65, 2)
(0, -65, 3)
(0, -65, 4)
(1, -66, 4)
(0, -66, 4)
(1, -67, 3)
(0, -67, 3)
(0, -67, 2)
(1, -67, 1)
(1, -67, 0)
(0, -66, 0)
(1, -66, -1)
(0, -65, 0)
(1, -65, 0)
(0, -64, 1)
(1, -64, 1)
(0, -63, 1)
(1, -63, 1)
(0, -62, 2)
(1, -62, 2)
(0, -61, 2)
(0, -61, 1)
(1, -62, 0)
(0, -62, 0)
(1, -63, -1)
(0, -63, -1)
(1, -64, -2)
(1, -64, -3)
(0, -63, -3)
(1, -63, -4)
(0, -62, -3)
(1, -62, -4)
(0, -61, -3)
(1, -61, -3)
(0, -60, -3)
(0, -60, -4)
(1, -60, -5)
(0, -59, -5)
(1, -59, -5)
(1, -59, -4)
(0, -59, -3)
(0, -59, -2)
(1, -60, -2)
(0, -60, -1)
(0, -60, 0)
(0, -60, 1)
(1, -60, 1)
(0, -59, 1)
(0, -59, 0)
(1, -59, -1)
(0, -58, 0)
(1, -58, -1)
(0, -57, 0)
(1, -57, -1)
(0, -56, -1)
(0, -56, -2)
(1, -56, -3)
(1, -56, -4)
(0, -55, -4)
(0, -55, -5)
(1, -56, -6)
(0, -56, -5)
(1, -57, -5)
(0, -57, -4)
(1, -58, -5)
(1, -58, -6)
(0, -57, -6)
(0, -57, -7)
(1, -58, -8)
(0, -58, -8)
(1, -59, -9)
(0, -59, -9)
(1, -60, -9)
(0, -60, -8)
(1, -61, -8)
(1, -61, -7)
(0, -61, -6)
(1, -62, -6)
(0, -62, -5)
(1, -63, -6)
(0, -63, -5)
(1, -64, -6)
(0, -64, -5)
(1, -65, -6)
(0, -65, -6)
(1, -66, -7)
(1, -66, -8)
(1, -66, -9)
(1, -66, -10)
(0, -66, -10)
(1, -67, -11)
(1, -67, -12)
(0, -67, -12)
(1, -68, -12)
(0, -68, -11)
(1, -69, -12)
(1, -69, -13)
(1, -69, -14)
(1, -69, -15)
(0, -69, -15)
(1, -70, -16)
(0, -70, -16)
(1, -71, -17)
(0, -71, -16)
(0, -71, -15)
(0, -71, -14)
(1, -71, -14)
(0, -70, -14)
(1, -70, -14)
(1, -70, -13)
(1, -70, -12)
(0, -70, -11)
(0, -70, -10)
(0, -70, -9)
(1, -70, -9)
(1, -70, -8)
(1, -70, -7)
(0, -70, -6)
(1, -71, -6)
(1, -71, -5)
(1, -71, -4)
(1, -71, -3)
(0, -70, -2)
(1, -70, -2)
(1, -70, -1)
(1, -70, 0)
(0, -69, 1)
(1, -69, 1)
(1, -69, 2)
(1, -69, 3)
(0, -69, 4)
(1, -70, 3)
(0, -70, 3)
(1, -71, 3)
(0, -71, 4)
(1, -72, 4)
(0, -72, 5)
(1, -73, 5)
(1, -73, 6)
(0, -73, 7)
(1, -74, 6)
(0, -74, 6)
(1, -75, 5)
(0, -75, 6)
(0, -75, 7)
(0, -75, 8)
(1, -75, 8)
(0, -74, 9)
(0, -74, 10)
(0, -74, 11)
(1, -75, 11)
(0, -75, 12)
(1, -76, 12)
(1, -76, 13)
(0, -75, 14)
(1, -75, 14)
(0, -74, 14)
(1, -74, 13)
(0, -73, 14)
(0, -73, 15)
(1, -74, 15)
(1, -74, 16)
(1, -74, 17)
(0, -74, 18)
(1, -75, 18)
(0, -75, 18)
(1, -76, 18)
(0, -76, 19)
(1, -77, 18)
(0, -77, 18)
(1, -78, 18)
(1, -78, 19)
(0, -77, 20)
(1, -77, 20)
(0, -76, 21)
(1, -76, 21)
(1, -76, 22)
(0, -75, 23)
(1, -75, 23)
(0, -74, 24)
(1, -74, 23)
(0, -73, 23)
(1, -73, 23)
(0, -72, 23)
(1, -72, 22)
(0, -71, 22)
(0, -71, 21)
(0, -71, 20)
(1, -71, 19)
(0, -70, 20)
(0, -70, 21)
(0, -70, 22)
(0, -70, 23)
(1, -71, 23)
(1, -71, 24)
(0, -70, 25)
(1, -70, 24)
(0, -69, 24)
(1, -69, 24)
(0, -68, 24)
(1, -68, 24)
(1, -68, 25)
(1, -68, 26)
(1, -68, 27)
(0, -68, 28)
(1, -69, 27)
(1, -69, 26)
(0, -69, 26)
(1, -70, 26)
(0, -70, 27)
(1, -71, 26)
(0, -71, 27)
(1, -72, 27)
(1, -72, 28)
(0, -71, 29)
(0, -71, 30)
(0, -71, 31)
(1, -72, 31)
(0, -72, 31)
(0, -72, 30)
(1, -73, 29)
(0, -73, 30)
(0, -73, 31)
(0, -73, 32)
(1, -73, 32)
(0, -72, 33)
(0, -72, 34)
(1, -72, 34)
(1, -72, 35)
(0, -71, 36)
(0, -71, 37)
(1, -71, 37)
(0, -70, 38)
(1, -70, 38)
(0, -69, 39)
(1, -69, 39)
(0, -68, 40)
(1, -68, 39)
(0, -67, 40)
(0, -67, 41)
(1, -67, 41)
(0, -66, 42)
(0, -66, 43)
(0, -66, 44)
(1, -66, 44)
(0, -65, 44)
(0, -65, 43)
(0, -65, 42)
(0, -65, 41)
(0, -65, 40)
(1, -66, 39)
(1, -66, 38)
(0, -66, 38)
(0, -66, 37)
(1, -66, 36)
(0, -65, 36)
(0, -65, 35)
(0, -65, 34)
(1, -66, 33)
(1, -66, 32)
(0, -65, 32)
(0, -65, 31)
(1, -66, 30)
(0, -66, 31)
(1, -67, 30)
(1, -67, 29)
(1, -67, 28)
(1, -67, 27)
(0, -66, 27)
(1, -66, 26)
(0, -65, 27)
(1, -65, 27)
(1, -65, 28)
(1, -65, 29)
(0, -64, 30)
(0, -64, 31)
(1, -64, 31)
(0, -63, 31)
(1, -63, 31)
(0, -62, 31)
(0, -62, 30)
(1, -62, 29)
(0, -61, 30)
(0, -61, 31)
(1, -61, 31)
(0, -60, 31)
(1, -60, 31)
(1, -60, 32)
(0, -59, 33)
(1, -59, 32)
(0, -58, 33)
(1, -58, 33)
(1, -58, 34)
(0, -58, 35)
(1, -59, 34)
(0, -59, 35)
(1, -60, 34)
(0, -60, 34)
(1, -61, 33)
(0, -61, 33)
(1, -62, 33)
(0, -62, 34)
(1, -63, 34)
(0, -63, 34)
(1, -64, 33)
(0, -64, 34)
(0, -64, 35)
(1, -64, 35)
(0, -63, 36)
(1, -63, 36)
(1, -63, 37)
(0, -63, 38)
(1, -64, 37)
(0, -64, 37)
(1, -65, 37)
(1, -65, 38)
(0, -64, 39)
(0, -64, 40)
(0, -64, 41)
(1, -64, 41)
(1, -64, 42)
(1, -64, 43)
(1, -64, 44)
(0, -63, 45)
(0, -63, 46)
(1, -63, 46)
(1, -63, 47)
(0, -62, 48)
(0, -62, 49)
(1, -62, 49)
(0, -61, 49)
(1, -61, 48)
(1, -61, 47)
(0, -60, 47)
(0, -60, 46)
(1, -61, 45)
(0, -61, 45)
(0, -61, 44)
(1, -62, 43)
(0, -62, 44)
(1, -63, 43)
(1, -63, 42)
(1, -63, 41)
(1, -63, 40)
(1, -63, 39)
(0, -62, 39)
(1, -62, 39)
(0, -61, 39)
(0, -61, 38)
(1, -61, 37)
(0, -60, 38)
(1, -60, 37)
(0, -59, 37)
(1, -59, 36)
(0, -58, 37)
(1, -58, 37)
(0, -57, 38)
(1, -57, 38)
(0, -56, 38)
(0, -56, 37)
(0, -56, 36)
(0, -56, 35)
(1, -56, 34)
(1, -56, 33)
(0, -55, 33)
(1, -55, 33)
(0, -54, 33)
(1, -54, 32)
(1, -54, 31)
(1, -54, 30)
(1, -54, 29)
(1, -54, 28)
(0, -54, 28)
(1, -55, 27)
(1, -55, 26)
(0, -54, 26)
(1, -54, 25)
(0, -53, 26)
(1, -53, 25)
(0, -52, 26)
(0, -52, 27)
(0, -52, 28)
(1, -52, 28)
(1, -52, 29)
(1, -52, 30)
(1, -52, 31)
(0, -51, 32)
(1, -51, 31)
(1, -51, 30)
(1, -51, 29)
(0, -50, 29)
(0, -50, 28)
(1, -50, 27)
(0, -49, 27)
(0, -49, 26)
(0, -49, 25)
(1, -49, 24)
(0, -48, 25)
(1, -48, 24)
(0, -47, 24)
(1, -47, 24)
(0, -46, 25)
(0, -46, 26)
(0, -46, 27)
(1, -47, 27)
(0, -47, 28)
(0, -47, 29)
(0, -47, 30)
(0, -47, 31)
(1, -47, 31)
(0, -46, 31)
(1, -46, 30)
(0, -45, 30)
(1, -45, 29)
(1, -45, 28)
(1, -45, 27)
(0, -44, 27)
(0, -44, 26)
(1, -44, 25)
(0, -43, 25)
(1, -43, 24)
(1, -43, 23)
(1, -43, 22)
(0, -42, 22)
(1, -42, 22)
(0, -41, 22)
(1, -41, 21)
(0, -40, 22)
(1, -40, 21)
(0, -39, 21)
(1, -39, 21)
(1, -39, 22)
(0, -38, 23)
(0, -38, 24)
(1, -38, 24)
(1, -38, 25)
(0, -38, 26)
(1, -39, 25)
(0, -39, 25)
(1, -40, 24)
(0, -40, 25)
(1, -41, 24)
(0, -41, 24)
(1, -42, 24)
(1, -42, 25)
(0, -41, 26)
(0, -41, 27)
(0, -41, 28)
(0, -41, 29)
(1, -42, 29)
(0, -42, 30)
(1, -43, 30)
(0, -43, 31)
(1, -44, 31)
(0, -44, 32)
(1, -45, 32)
(0, -45, 33)
(1, -46, 33)
(1, -46, 34)
(0, -45, 35)
(1, -45, 34)
(0, -44, 34)
(1, -44, 33)
(0, -43, 33)
(1, -43, 32)
(0, -42, 32)
(1, -42, 32)
(0, -41, 33)
(0, -41, 34)
(1, -42, 34)
(1, -42, 35)
(0, -42, 36)
(1, -43, 35)
(0, -43, 35)
(1, -44, 35)
(1, -44, 36)
(0, -44, 37)
(0, -44, 38)
(0, -44, 39)
(1, -44, 39)
(1, -44, 40)
(0, -44, 41)
(1, -45, 41)
(0, -45, 42)
(1, -46, 42)
(1, -46, 43)
(1, -46, 44)
(0, -45, 45)
(0, -45, 46)
(1, -46, 46)
(0, -46, 46)
(1, -47, 46)
(0, -47, 47)
(1, -48, 47)
(0, -48, 47)
(1, -49, 46)
(1, -49, 45)
(0, -48, 45)
(1, -48, 45)
(0, -47, 45)
(1, -47, 44)
(1, -47, 43)
(1, -47, 42)
(1, -47, 41)
(0, -46, 41)
(1, -46, 40)
(1, -46, 39)
(0, -46, 39)
(1, -47, 39)
(0, -47, 40)
(1, -48, 40)
(0, -48, 41)
(1, -49, 40)
(0, -49, 41)
(1, -50, 40)
(0, -50, 41)
(1, -51, 40)
(0, -51, 41)
(0, -51, 42)
(0, -51, 43)
(0, -51, 44)
(0, -51, 45)
(1, -51, 45)
(0, -50, 46)
(0, -50, 47)
(1, -51, 47)
(0, -51, 48)
(0, -51, 49)
(0, -51, 50)
(1, -51, 50)
(0, -50, 50)
(0, -50, 49)
(1, -50, 48)
(0, -49, 48)
(1, -49, 48)
(1, -49, 49)
(1, -49, 50)
(0, -48, 51)
(1, -48, 50)
(0, -47, 50)
(1, -47, 49)
(1, -47, 48)
(0, -46, 48)
(1, -46, 48)
(0, -45, 49)
(0, -45, 50)
(1, -45, 50)
(1, -45, 51)
(0, -45, 52)
(1, -46, 51)
(0, -46, 51)
(1, -47, 51)
(1, -47, 52)
(1, -47, 53)
(0, -46, 54)
(1, -46, 54)
(0, -45, 55)
(1, -45, 55)
(0, -44, 56)
(0, -44, 57)
(1, -45, 57)
(0, -45, 57)
(1, -46, 57)
(1, -46, 58)
(0, -46, 59)
(1, -47, 59)
(0, -47, 60)
(1, -48, 60)
(0, -48, 61)
(1, -49, 61)
(0, -49, 61)
(0, -49, 60)
(1, -49, 59)
(1, -49, 58)
(1, -49, 57)
(1, -49, 56)
(0, -48, 56)
(0, -48, 55)
(0, -48, 54)
(0, -48, 53)
(1, -49, 52)
(0, -49, 52)
(1, -50, 52)
(1, -50, 53)
(0, -50, 54)
(1, -51, 53)
(0, -51, 53)
(1, -52, 53)
(1, -52, 54)
(0, -51, 55)
(0, -51, 56)
(0, -51, 57)
(1, -52, 57)
(0, -52, 58)
(0, -52, 59)
(1, -53, 59)
(0, -53, 60)
(1, -54, 60)
(0, -54, 60)
(1, -55, 60)
(0, -55, 60)
(0, -55, 59)
(1, -55, 58)
(1, -55, 57)
(1, -55, 56)
(1, -55, 55)
(0, -54, 55)
(1, -54, 55)
(0, -53, 55)
(1, -53, 54)
(1, -53, 53)
(0, -53, 53)
(1, -54, 53)
(0, -54, 53)
(0, -54, 52)
(1, -54, 51)
(1, -54, 50)
(1, -54, 49)
(0, -53, 49)
(1, -53, 49)
(0, -52, 49)
(0, -52, 48)
(1, -53, 47)
(1, -53, 46)
(1, -53, 45)
(1, -53, 44)
(0, -53, 44)
(0, -53, 43)
(0, -53, 42)
(0, -53, 41)
(1, -54, 40)
(0, -54, 40)
(1, -55, 39)
(0, -55, 40)
(1, -56, 40)
(1, -56, 41)
(0, -56, 42)
(0, -56, 43)
(1, -57, 43)
(0, -57, 43)
(1, -58, 43)
(0, -58, 44)
(0, -58, 45)
(0, -58, 46)
(1, -58, 46)
(1, -58, 47)
(1, -58, 48)
(1, -58, 49)
(1, -58, 50)
(1, -58, 51)
(0, -57, 52)
(1, -57, 51)
(1, -57, 50)
(1, -57, 49)
(0, -56, 49)
(1, -56, 48)
(0, -55, 49)
(0, -55, 50)
(0, -55, 51)
(0, -55, 52)
(0, -55, 53)
(0, -55, 54)
(1, -56, 54)
(0, -56, 55)
(0, -56, 56)
(0, -56, 57)
(1, -57, 57)
(1, -57, 58)
(0, -57, 59)
(1, -58, 58)
(0, -58, 59)
(1, -59, 59)
(1, -59, 60)
(0, -58, 61)
(1, -58, 61)
(0, -57, 62)
(1, -57, 61)
(0, -56, 62)
(1, -56, 61)
(0, -55, 62)
(0, -55, 63)
(1, -55, 63)
(0, -54, 64)
(1, -54, 63)
(0, -53, 64)
(0, -53, 65)
(1, -53, 65)
(0, -52, 66)
(1, -52, 65)
(0, -51, 66)
(1, -51, 66)
(0, -50, 66)
(1, -50, 65)
(1, -50, 64)
(1, -50, 63)
(0, -49, 63)
(1, -49, 63)
(1, -49, 64)
(0, -48, 65)
(1, -48, 65)
(1, -48, 66)
(1, -48, 67)
(0, -48, 68)
(0, -48, 69)
(1, -48, 69)
(0, -47, 70)
(0, -47, 71)
(0, -47, 72)
(1, -47, 72)
(1, -47, 73)
(0, -47, 74)
(1, -48, 74)
(1, -48, 75)
(1, -48, 76)
(1, -48, 77)
(0, -48, 78)
(1, -49, 77)
(0, -49, 77)
(0, -49, 76)
(1, -49, 75)
(1, -49, 74)
(0, -49, 74)
(0, -49, 73)
(1, -50, 72)
(0, -50, 72)
(1, -51, 71)
(0, -51, 71)
(1, -52, 70)
(0, -52, 71)
(1, -53, 71)
(1, -53, 72)
(1, -53, 73)
(0, -53, 74)
(0, -53, 75)
(0, -53, 76)
(1, -54, 76)
(1, -54, 77)
(0, -54, 78)
(0, -54, 79)
(1, -55, 79)
(0, -55, 79)
(1, -56, 78)
(0, -56, 78)
(1, -57, 78)
(0, -57, 78)
(1, -58, 77)
(0, -58, 78)
(1, -59, 77)
(0, -59, 78)
(1, -60, 77)
(1, -60, 76)
(0, -60, 76)
(1, -61, 76)
(0, -61, 76)
(1, -62, 75)
(0, -62, 76)
(1, -63, 75)
(0, -63, 75)
(0, -63, 74)
(1, -64, 73)
(1, -64, 72)
(0, -64, 72)
(1, -65, 72)
(0, -65, 72)
(1, -66, 72)
(0, -66, 73)
(0, -66, 74)
(1, -67, 74)
(0, -67, 75)
(1, -68, 74)
(0, -68, 74)
(1, -69, 73)
(1, -69, 72)
(0, -68, 72)
(1, -68, 72)
(0, -67, 72)
(1, -67, 71)
(1, -67, 70)
(0, -66, 70)
(1, -66, 69)
(0, -65, 69)
(1, -65, 69)
(0, -64, 70)
(1, -64, 70)
(0, -63, 71)
(1, -63, 70)
(0, -62, 71)
(0, -62, 72)
(0, -62, 73)
(1, -62, 73)
(0, -61, 74)
(1, -61, 73)
(1, -61, 72)
(0, -61, 72)
(0, -61, 71)
(1, -61, 70)
(0, -60, 70)
(1, -60, 69)
(0, -59, 70)
(1, -59, 69)
(1, -59, 68)
(0, -59, 68)
(1, -60, 67)
(1, -60, 66)
(0, -60, 66)
(1, -61, 66)
(0, -61, 66)
(1, -62, 66)
(0, -62, 66)
(1, -63, 66)
(0, -63, 67)
(1, -64, 67)
(0, -64, 68)
(1, -65, 67)
(0, -65, 67)
(1, -66, 66)
(0, -66, 67)
(1, -67, 66)
(0, -67, 66)
(0, -67, 65)
(1, -67, 64)
(1, -67, 63)
(0, -67, 63)
(1, -68, 62)
(1, -68, 61)
(1, -68, 60)
(1, -68, 59)
(0, -67, 59)
(1, -67, 58)
(0, -66, 59)
(1, -66, 59)
(0, -65, 60)
(0, -65, 61)
(0, -65, 62)
(0, -65, 63)
(1, -66, 63)
(1, -66, 64)
(0, -65, 65)
(1, -65, 65)
(0, -64, 66)
(1, -64, 65)
(0, -63, 65)
(1, -63, 64)
(0, -62, 64)
(0, -62, 63)
(0, -62, 62)
(0, -62, 61)
(0, -62, 60)
(1, -62, 59)
(0, -61, 59)
(0, -61, 58)
(1, -61, 57)
(0, -60, 58)
(1, -60, 58)
(0, -59, 58)
(0, -59, 57)
(1, -59, 56)
(0, -58, 57)
(1, -58, 56)
(1, -58, 55)
(1, -58, 54)
(1, -58, 53)
(0, -58, 53)
(1, -59, 52)
(0, -59, 52)
(1, -60, 52)
(0, -60, 52)
(1, -61, 51)
(0, -61, 51)
(1, -62, 51)
(1, -62, 52)
(0, -61, 53)
(1, -61, 53)
(0, -60, 54)
(0, -60, 55)
(1, -61, 55)
(0, -61, 56)
(1, -62, 56)
(0, -62, 57)
(0, -62, 58)
(1, -63, 58)
(0, -63, 58)
(0, -63, 57)
(1, -64, 56)
(0, -64, 56)
(1, -65, 55)
(1, -65, 54)
(0, -65, 54)
(0, -65, 53)
(0, -65, 52)
(1, -65, 51)
(0, -64, 51)
(0, -64, 50)
(0, -64, 49)
(1, -65, 48)
(0, -65, 49)
(0, -65, 50)
(1, -66, 50)
(0, -66, 50)
(0, -66, 49)
(0, -66, 48)
(0, -66, 47)
(1, -67, 46)
(0, -67, 46)
(1, -68, 45)
(0, -68, 46)
(1, -69, 45)
(1, -69, 44)
(0, -68, 44)
(1, -68, 43)
(1, -68, 42)
(0, -68, 42)
(1, -69, 42)
(0, -69, 42)
(0, -69, 41)
(1, -70, 40)
(0, -70, 41)
(1, -71, 40)
(1, -71, 39)
(0, -71, 39)
(1, -72, 39)
(0, -72, 40)
(0, -72, 41)
(0, -72, 42)
(1, -73, 42)
(1, -73, 43)
(0, -73, 44)
(1, -74, 44)
(0, -74, 44)
(1, -75, 44)
(1, -75, 45)
(0, -75, 46)
(1, -76, 46)
(0, -76, 46)
(1, -77, 46)
(0, -77, 46)
(0, -77, 45)
(1, -78, 44)
(0, -78, 44)
(1, -79, 44)
(1, -79, 45)
(1, -79, 46)
(0, -78, 47)
(1, -78, 47)
(1, -78, 48)
(1, -78, 49)
(0, -77, 50)
(1, -77, 49)
(1, -77, 48)
(0, -76, 48)
(1, -76, 48)
(0, -75, 49)
(0, -75, 50)
(1, -75, 50)
(1, -75, 51)
(1, -75, 52)
(0, -75, 53)
(1, -76, 53)
(0, -76, 54)
(1, -77, 54)
(0, -77, 54)
(1, -78, 53)
(0, -78, 53)
(0, -78, 52)
(1, -79, 51)
(0, -79, 52)
(1, -80, 51)
(1, -80, 50)
(1, -80, 49)
(1, -80, 48)
(0, -80, 48)
(1, -81, 48)
(0, -81, 48)
(1, -82, 48)
(1, -82, 49)
(1, -82, 50)
(1, -82, 51)
(0, -82, 52)
(1, -83, 51)
(0, -83, 51)
(1, -84, 51)
(0, -84, 52)
(0, -84, 53)
(1, -85, 53)
(0, -85, 53)
(1, -86, 53)
(1, -86, 54)
(1, -86, 55)
(0, -86, 56)
(0, -86, 57)
(1, -86, 57)
(0, -85, 58)
(1, -85, 57)
(1, -85, 56)
(0, -84, 56)
(1, -84, 56)
(0, -83, 56)
(1, -83, 56)
(0, -82, 56)
(1, -82, 55)
(0, -81, 55)
(1, -81, 55)
(1, -81, 56)
(0, -80, 57)
(1, -80, 57)
(1, -80, 58)
(0, -79, 59)
(1, -79, 59)
(1, -79, 60)
(1, -79, 61)
(1, -79, 62)
(0, -79, 63)
(1, -80, 62)
(1, -80, 61)
(0, -80, 61)
(1, -81, 60)
(1, -81, 59)
(1, -81, 58)
(0, -81, 58)
(1, -82, 58)
(1, -82, 59)
(0, -82, 60)
(1, -83, 60)
(0, -83, 61)
(0, -83, 62)
(0, -83, 63)
(1, -84, 63)
(0, -84, 63)
(1, -85, 62)
(0, -85, 63)
(1, -86, 63)
(0, -86, 63)
(1, -87, 63)
(0, -87, 64)
(1, -88, 64)
(0, -88, 64)
(1, -89, 63)
(0, -89, 63)
(1, -90, 62)
(0, -90, 63)
(0, -90, 64)
(1, -91, 64)
(0, -91, 65)
(1, -92, 65)
(0, -92, 66)
(1, -93, 65)
(1, -93, 64)
(0, -92, 64)
(1, -92, 63)
(0, -91, 63)
(0, -91, 62)
(0, -91, 61)
(1, -91, 60)
(1, -91, 59)
(1, -91, 58)
(1, -91, 57)
(0, -91, 57)
(1, -92, 56)
(0, -92, 56)
(0, -92, 55)
(1, -92, 54)
(0, -91, 55)
(1, -91, 54)
(0, -90, 55)
(0, -90, 56)
(1, -90, 56)
(0, -89, 57)
(0, -89, 58)
(1, -89, 58)
(1, -89, 59)
(1, -89, 60)
(1, -89, 61)
(0, -88, 62)
(1, -88, 61)
(1, -88, 60)
(1, -88, 59)
(1, -88, 58)
(1, -88, 57)
(1, -88, 56)
(0, -88, 56)
(1, -89, 55)
(0, -89, 55)
(0, -89, 54)
(0, -89, 53)
(0, -89, 52)
(1, -89, 51)
(1, -89, 50)
(0, -89, 50)
(1, -90, 49)
(0, -90, 49)
(1, -91, 48)
(0, -91, 48)
(1, -92, 47)
(0, -92, 48)
(0, -92, 49)
(0, -92, 50)
(0, -92, 51)
(1, -93, 51)
(1, -93, 52)
(0, -93, 53)
(1, -94, 52)
(1, -94, 51)
(1, -94, 50)
(0, -93, 50)
(0, -93, 49)
(1, -94, 48)
(1, -94, 47)
(1, -94, 46)
(0, -93, 46)
(0, -93, 45)
(0, -93, 44)
(1, -94, 43)
(0, -94, 44)
(1, -95, 43)
(0, -95, 44)
(1, -96, 44)
(1, -96, 45)
(1, -96, 46)
(1, -96, 47)
(0, -95, 48)
(1, -95, 48)
(1, -95, 49)
(1, -95, 50)
(0, -95, 51)
(1, -96, 50)
(0, -96, 51)
(0, -96, 52)
(0, -96, 53)
(1, -96, 53)
(1, -96, 54)
(0, -96, 55)
(1, -97, 54)
(0, -97, 55)
(0, -97, 56)
(0, -97, 57)
(1, -97, 57)
(0, -96, 58)
(1, -96, 58)
(1, -96, 59)
(0, -95, 60)
(1, -95, 59)
(0, -94, 60)
(0, -94, 61)
(0, -94, 62)
(1, -95, 62)
(0, -95, 63)
(0, -95, 64)
(1, -96, 64)
(0, -96, 65)
(0, -96, 66)
(1, -96, 66)
(1, -96, 67)
(1, -96, 68)
(1, -96, 69)
(0, -95, 70)
(1, -95, 70)
(0, -94, 70)
(1, -94, 69)
(1, -94, 68)
(0, -93, 68)
(1, -93, 68)
(0, -92, 69)
(0, -92, 70)
(0, -92, 71)
(0, -92, 72)
(1, -93, 72)
(1, -93, 73)
(1, -93, 74)
(0, -92, 75)
(0, -92, 76)
(1, -92, 76)
(0, -91, 77)
(1, -91, 76)
(1, -91, 75)
(0, -90, 75)
(0, -90, 74)
(0, -90, 73)
(1, -90, 72)
(0, -89, 72)
(1, -89, 71)
(1, -89, 70)
(1, -89, 69)
(0, -88, 69)
(1, -88, 68)
(1, -88, 67)
(0, -87, 67)
(1, -87, 66)
(0, -86, 66)
(1, -86, 65)
(0, -85, 66)
(1, -85, 65)
(0, -84, 65)
(1, -84, 65)
(0, -83, 65)
(1, -83, 65)
(1, -83, 66)
(0, -82, 67)
(0, -82, 68)
(0, -82, 69)
(1, -83, 69)
(1, -83, 70)
(0, -83, 71)
(1, -84, 70)
(1, -84, 69)
(0, -84, 69)
(1, -85, 69)
(0, -85, 69)
(1, -86, 68)
(0, -86, 69)
(0, -86, 70)
(1, -87, 70)
(0, -87, 71)
(0, -87, 72)
(1, -87, 72)
(0, -86, 73)
(1, -86, 73)
(0, -85, 73)
(1, -85, 72)
(0, -84, 72)
(1, -84, 72)
(0, -83, 73)
(1, -83, 73)
(0, -82, 74)
(1, -82, 74)
(0, -81, 75)
(1, -81, 75)
(1, -81, 76)
(1, -81, 77)
(0, -81, 78)
(1, -82, 77)
(1, -82, 76)
(0, -82, 76)
(1, -83, 75)
(0, -83, 75)
(1, -84, 74)
(0, -84, 74)
(1, -85, 74)
(1, -85, 75)
(0, -84, 76)
(0, -84, 77)
(1, -84, 77)
(1, -84, 78)
(0, -84, 79)
(1, -85, 79)
(0, -85, 80)
(1, -86, 79)
(0, -86, 79)
(1, -87, 78)
(1, -87, 77)
(0, -86, 77)
(0, -86, 76)
(1, -87, 75)
(1, -87, 74)
(0, -87, 74)
(1, -88, 73)
(0, -88, 73)
(1, -89, 73)
(0, -89, 74)
(0, -89, 75)
(0, -89, 76)
(1, -89, 76)
(0, -88, 77)
(0, -88, 78)
(0, -88, 79)
(1, -89, 79)
(0, -89, 79)
(1, -90, 79)
(1, -90, 80)
(0, -89, 81)
(0, -89, 82)
(1, -89, 82)
(0, -88, 83)
(1, -88, 82)
(0, -87, 83)
(0, -87, 84)
(0, -87, 85)
(1, -88, 85)
(1, -88, 86)
(0, -88, 87)
(1, -89, 86)
(0, -89, 86)
(0, -89, 85)
(1, -90, 84)
(0, -90, 84)
(1, -91, 84)
(0, -91, 85)
(0, -91, 86)
(1, -91, 86)
(0, -90, 87)
(0, -90, 88)
(1, -90, 88)
(1, -90, 89)
(0, -89, 90)
(1, -89, 89)
(0, -88, 89)
(1, -88, 89)
(0, -87, 90)
(1, -87, 90)
(0, -86, 90)
(1, -86, 89)
(1, -86, 88)
(1, -86, 87)
(0, -85, 87)
(1, -85, 87)
(0, -84, 88)
(0, -84, 89)
(1, -85, 89)
(1, -85, 90)
(0, -85, 91)
(0, -85, 92)
(1, -85, 92)
(1, -85, 93)
(1, -85, 94)
(0, -85, 95)
(0, -85, 96)
(0, -85, 97)
(0, -85, 98)
(1, -86, 98)
(1, -86, 99)
(0, -86, 100)
(1, -87, 100)
(0, -87, 100)
(0, -87, 99)
(1, -87, 98)
(1, -87, 97)
(1, -87, 96)
(1, -87, 95)
(0, -87, 95)
(1, -88, 95)
(1, -88, 96)
(1, -88, 97)
(0, -88, 98)
(0, -88, 99)
(0, -88, 100)
(0, -88, 101)
(0, -88, 102)
(1, -89, 102)
(1, -89, 103)
(0, -89, 104)
(1, -90, 103)
(0, -90, 103)
(0, -90, 102)
(0, -90, 101)
(1, -91, 100)
(0, -91, 101)
(0, -91, 102)
(0, -91, 103)
(0, -91, 104)
(1, -91, 104)
(1, -91, 105)
(0, -90, 106)
(0, -90, 107)
(0, -90, 108)
(1, -90, 108)
(0, -89, 108)
(0, -89, 107)
(1, -89, 106)
(0, -88, 106)
(1, -88, 106)
(0, -87, 107)
(0, -87, 108)
(0, -87, 109)
(1, -87, 109)
(0, -86, 109)
(0, -86, 108)
(0, -86, 107)
(0, -86, 106)
(1, -86, 105)
(1, -86, 104)
(0, -85, 104)
(0, -85, 103)
(0, -85, 102)
(0, -85, 101)
(1, -85, 100)
(0, -84, 101)
(1, -84, 101)
(1, -84, 102)
(0, -83, 103)
(0, -83, 104)
(0, -83, 105)
(1, -84, 105)
(0, -84, 105)
(1, -85, 105)
(1, -85, 106)
(0, -85, 107)
(0, -85, 108)
(0, -85, 109)
(1, -85, 109)
(1, -85, 110)
(1, -85, 111)
(0, -84, 112)
(1, -84, 112)
(0, -83, 112)
(1, -83, 112)
(1, -83, 113)
(0, -83, 114)
(1, -84, 114)
(0, -84, 114)
(1, -85, 114)
(0, -85, 114)
(1, -86, 114)
(0, -86, 115)
(0, -86, 116)
(1, -86, 116)
(0, -85, 117)
(1, -85, 117)
(0, -84, 117)
(1, -84, 117)
(0, -83, 118)
(1, -83, 117)
(0, -82, 117)
(1, -82, 117)
(1, -82, 118)
(1, -82, 119)
(0, -81, 120)
(0, -81, 121)
(0, -81, 122)
(0, -81, 123)
(0, -81, 124)
(1, -81, 124)
(1, -81, 125)
(1, -81, 126)
(0, -80, 127)
(1, -80, 127)
(1, -80, 128)
(0, -79, 129)
(0, -79, 130)
(1, -80, 130)
(0, -80, 130)
(1, -81, 129)
(0, -81, 130)
(1, -82, 129)
(0, -82, 130)
(1, -83, 130)
(0, -83, 131)
(0, -83, 132)
(1, -83, 132)
(1, -83, 133)
(1, -83, 134)
(0, -83, 135)
(1, -84, 135)
(0, -84, 135)
(1, -85, 134)
(1, -85, 133)
(1, -85, 132)
(1, -85, 131)
(0, -84, 131)
(0, -84, 130)
(1, -84, 129)
(0, -83, 129)
(1, -83, 128)
(0, -82, 128)
(0, -82, 127)
(1, -83, 126)
(0, -83, 126)
(1, -84, 125)
(1, -84, 124)
(0, -83, 124)
(1, -83, 124)
(0, -82, 124)
(0, -82, 123)
(1, -83, 122)
(0, -83, 122)
(1, -84, 122)
(0, -84, 122)
(0, -84, 121)
(1, -84, 120)
(1, -84, 119)
(0, -84, 119)
(1, -85, 119)
(0, -85, 120)
(0, -85, 121)
(0, -85, 122)
(0, -85, 123)
(1, -86, 123)
(0, -86, 123)
(0, -86, 122)
(1, -87, 121)
(0, -87, 121)
(1, -88, 121)
(0, -88, 122)
(1, -89, 122)
(0, -89, 122)
(1, -90, 122)
(0, -90, 123)
(1, -91, 123)
(0, -91, 124)
(1, -92, 124)
(0, -92, 124)
(1, -93, 123)
(0, -93, 123)
(0, -93, 122)
(1, -94, 121)
(0, -94, 121)
(1, -95, 120)
(1, -95, 119)
(0, -94, 119)
(1, -94, 118)
(0, -93, 118)
(1, -93, 118)
(0, -92, 118)
(1, -92, 117)
(1, -92, 116)
(0, -92, 116)
(0, -92, 115)
(0, -92, 114)
(1, -92, 113)
(1, -92, 112)
(1, -92, 111)
(0, -91, 111)
(1, -91, 111)
(0, -90, 112)
(0, -90, 113)
(0, -90, 114)
(0, -90, 115)
(1, -90, 115)
(0, -89, 116)
(1, -89, 116)
(0, -88, 117)
(1, -88, 116)
(1, -88, 115)
(0, -88, 115)
(0, -88, 114)
(0, -88, 113)
(0, -88, 112)
(1, -88, 111)
(1, -88, 110)
(0, -88, 110)
(1, -89, 110)
(0, -89, 111)
(1, -90, 110)
(0, -90, 110)
(1, -91, 109)
(0, -91, 109)
(0, -91, 108)
(0, -91, 107)
(1, -92, 106)
(1, -92, 105)
(0, -92, 105)
(1, -93, 105)
(0, -93, 105)
(1, -94, 104)
(0, -94, 105)
(0, -94, 106)
(1, -94, 106)
(0, -93, 107)
(0, -93, 108)
(1, -94, 108)
(0, -94, 109)
(1, -95, 109)
(0, -95, 110)
(1, -96, 110)
(0, -96, 110)
(1, -97, 109)
(0, -97, 110)
(1, -98, 109)
(1, -98, 108)
(0, -98, 108)
(1, -99, 107)
(0, -99, 108)
(1, -100, 108)
(0, -100, 109)
(0, -100, 110)
(1, -100, 110)
(1, -100, 111)
(1, -100, 112)
(0, -99, 113)
(0, -99, 114)
(1, -99, 114)
(0, -98, 114)
(0, -98, 113)
(0, -98, 112)
(1, -98, 111)
(0, -97, 112)
(1, -97, 112)
(1, -97, 113)
(0, -97, 114)
(0, -97, 115)
(1, -97, 115)
(0, -96, 115)
(1, -96, 114)
(1, -96, 113)
(0, -95, 113)
(1, -95, 113)
(0, -94, 114)
(1, -94, 114)
(1, -94, 115)
(0, -94, 116)
(1, -95, 116)
(0, -95, 117)
(1, -96, 117)
(0, -96, 118)
(0, -96, 119)
(0, -96, 120)
(1, -96, 120)
(1, -96, 121)
(0, -95, 122)
(0, -95, 123)
(0, -95, 124)
(1, -96, 124)
(0, -96, 125)
(1, -97, 124)
(1, -97, 123)
(1, -97, 122)
(0, -97, 122)
(1, -98, 121)
(0, -98, 122)
(1, -99, 121)
(1, -99, 120)
(1, -99, 119)
(1, -99, 118)
(0, -98, 118)
(0, -98, 117)
(1, -99, 116)
(0, -99, 117)
(1, -100, 117)
(1, -100, 118)
(0, -100, 119)
(0, -100, 120)
(1, -100, 120)
(1, -100, 121)
(1, -100, 122)
(1, -100, 123)
(0, -99, 124)
(0, -99, 125)
(1, -100, 125)
(0, -100, 126)
(0, -100, 127)
(1, -100, 127)
(0, -99, 128)
(0, -99, 129)
(1, -100, 129)
(1, -100, 130)
(0, -99, 131)
(1, -99, 131)
(0, -98, 131)
(1, -98, 131)
(0, -97, 132)
(1, -97, 131)
(0, -96, 131)
(0, -96, 130)
(1, -97, 129)
(1, -97, 128)
(0, -96, 128)
(1, -96, 127)
(0, -95, 128)
(1, -95, 127)
(0, -94, 128)
(0, -94, 129)
(0, -94, 130)
(1, -95, 130)
(1, -95, 131)
(0, -94, 132)
(1, -94, 131)
(0, -93, 132)
(1, -93, 131)
(1, -93, 130)
(0, -93, 130)
(0, -93, 129)
(1, -93, 128)
(0, -92, 128)
(1, -92, 127)
(0, -91, 128)
(0, -91, 129)
(1, -91, 129)
(0, -90, 129)
(1, -90, 128)
(0, -89, 129)
(1, -89, 129)
(0, -88, 129)
(1, -88, 129)
(1, -88, 130)
(0, -87, 131)
(0, -87, 132)
(1, -88, 132)
(0, -88, 132)
(1, -89, 131)
(0, -89, 131)
(1, -90, 130)
(0, -90, 131)
(0, -90, 132)
(1, -91, 132)
(1, -91, 133)
(0, -91, 134)
(1, -92, 134)
(1, -92, 135)
(0, -91, 136)
(0, -91, 137)
(1, -92, 137)
(1, -92, 138)
(0, -92, 139)
(1, -93, 139)
(0, -93, 140)
(1, -94, 139)
(1, -94, 138)
(0, -93, 138)
(0, -93, 137)
(0, -93, 136)
(1, -93, 135)
(1, -93, 134)
(0, -93, 134)
(1, -94, 134)
(0, -94, 134)
(1, -95, 133)
(0, -95, 133)
(1, -96, 133)
(1, -96, 134)
(0, -96, 135)
(0, -96, 136)
(1, -96, 136)
(1, -96, 137)
(1, -96, 138)
(0, -95, 139)
(0, -95, 140)
(0, -95, 141)
(1, -96, 141)
(0, -96, 142)
(0, -96, 143)
(1, -96, 143)
(0, -95, 144)
(0, -95, 145)
(1, -96, 145)
(0, -96, 146)
(1, -97, 146)
(0, -97, 146)
(1, -98, 146)
(0, -98, 147)
(0, -98, 148)
(0, -98, 149)
(0, -98, 150)
(0, -98, 151)
(1, -98, 151)
(0, -97, 151)
(1, -97, 151)
(0, -96, 152)
(0, -96, 153)
(1, -96, 153)
(0, -95, 154)
(1, -95, 153)
(1, -95, 152)
(0, -95, 152)
(0, -95, 151)
(1, -95, 150)
(0, -94, 151)
(1, -94, 150)
(0, -93, 150)
(1, -93, 149)
(0, -92, 150)
(1, -92, 149)
(1, -92, 148)
(1, -92, 147)
(0, -92, 147)
(0, -92, 146)
(1, -92, 145)
(1, -92, 144)
(0, -92, 144)
(1, -93, 144)
(0, -93, 144)
(1, -94, 144)
(0, -94, 144)
(0, -94, 143)
(0, -94, 142)
(1, -94, 141)
(0, -93, 142)
(1, -93, 142)
(0, -92, 142)
(1, -92, 142)
(0, -91, 142)
(1, -91, 142)
(1, -91, 143)
(0, -90, 144)
(0, -90, 145)
(1, -91, 145)
(1, -91, 146)
(0, -90, 147)
(0, -90, 148)
(0, -90, 149)
(1, -91, 149)
(1, -91, 150)
(0, -91, 151)
(1, -92, 151)
(1, -92, 152)
(0, -91, 153)
(0, -91, 154)
(0, -91, 155)
(1, -91, 155)
(0, -90, 156)
(1, -90, 156)
(0, -89, 156)
(1, -89, 155)
(0, -88, 156)
(1, -88, 155)
(0, -87, 156)
(0, -87, 157)
(0, -87, 158)
(0, -87, 159)
(1, -88, 159)
(0, -88, 159)
(1, -89, 159)
(1, -89, 160)
(0, -89, 161)
(0, -89, 162)
(1, -89, 162)
(1, -89, 163)
(1, -89, 164)
(0, -88, 165)
(1, -88, 165)
(0, -87, 166)
(0, -87, 167)
(1, -88, 167)
(0, -88, 168)
(1, -89, 168)
(0, -89, 168)
(0, -89, 167)
(1, -90, 166)
(0, -90, 166)
(0, -90, 165)
(0, -90, 164)
(1, -91, 163)
(0, -91, 164)
(1, -92, 163)
(1, -92, 162)
(0, -91, 162)
(0, -91, 161)
(1, -91, 160)
(0, -90, 160)
(0, -90, 159)
(0, -90, 158)
(1, -91, 157)
(0, -91, 158)
(1, -92, 157)
(0, -92, 158)
(1, -93, 158)
(0, -93, 159)
(1, -94, 158)
(0, -94, 158)
(1, -95, 158)
(1, -95, 159)
(1, -95, 160)
(0, -94, 161)
(0, -94, 162)
(1, -94, 162)
(1, -94, 163)
(1, -94, 164)
(0, -93, 165)
(0, -93, 166)
(0, -93, 167)
(0, -93, 168)
(1, -93, 168)
(1, -93, 169)
(0, -93, 170)
(0, -93, 171)
(1, -93, 171)
(0, -92, 171)
(1, -92, 170)
(0, -91, 170)
(0, -91, 169)
(0, -91, 168)
(1, -91, 167)
(0, -90, 168)
(0, -90, 169)
(0, -90, 170)
(1, -90, 170)
(0, -89, 170)
(1, -89, 170)
(0, -88, 171)
(0, -88, 172)
(1, -89, 172)
(0, -89, 173)
(1, -90, 173)
(0, -90, 173)
(1, -91, 173)
(0, -91, 174)
(0, -91, 175)
(0, -91, 176)
(1, -91, 176)
(0, -90, 176)
(1, -90, 175)
(0, -89, 176)
(1, -89, 175)
(0, -88, 176)
(1, -88, 175)
(0, -87, 175)
(1, -87, 174)
(0, -86, 175)
(1, -86, 174)
(1, -86, 173)
(1, -86, 172)
(1, -86, 171)
(0, -86, 171)
(0, -86, 170)
(1, -87, 169)
(1, -87, 168)
(0, -86, 168)
(0, -86, 167)
(1, -86, 166)
(0, -85, 166)
(1, -85, 166)
(0, -84, 166)
(1, -84, 166)
(0, -83, 166)
(1, -83, 165)
(1, -83, 164)
(0, -83, 164)
(0, -83, 163)
(1, -84, 162)
(0, -84, 162)
(0, -84, 161)
(0, -84, 160)
(1, -84, 159)
(1, -84, 158)
(0, -84, 158)
(0, -84, 157)
(1, -85, 156)
(1, -85, 155)
(0, -84, 155)
(1, -84, 154)
(0, -83, 154)
(1, -83, 153)
(0, -82, 153)
(1, -82, 153)
(1, -82, 154)
(1, -82, 155)
(1, -82, 156)
(0, -81, 157)
(1, -81, 156)
(0, -80, 156)
(0, -80, 155)
(1, -80, 154)
(1, -80, 153)
(0, -79, 153)
(1, -79, 152)
(1, -79, 151)
(0, -79, 151)
(1, -80, 151)
(0, -80, 152)
(1, -81, 151)
(1, -81, 150)
(0, -81, 150)
(0, -81, 149)
(1, -81, 148)
(0, -80, 149)
(1, -80, 149)
(0, -79, 149)
(1, -79, 149)
(0, -78, 149)
(0, -78, 148)
(1, -79, 147)
(1, -79, 146)
(0, -78, 146)
(1, -78, 146)
(0, -77, 147)
(0, -77, 148)
(0, -77, 149)
(1, -77, 149)
(1, -77, 150)
(1, -77, 151)
(0, -77, 152)
(0, -77, 153)
(1, -78, 153)
(0, -78, 154)
(0, -78, 155)
(0, -78, 156)
(0, -78, 157)
(1, -78, 157)
(0, -77, 158)
(1, -77, 157)
(0, -76, 157)
(1, -76, 156)
(0, -75, 157)
(0, -75, 158)
(1, -75, 158)
(0, -74, 158)
(1, -74, 157)
(0, -73, 157)
(1, -73, 156)
(0, -72, 157)
(0, -72, 158)
(1, -73, 158)
(1, -73, 159)
(0, -72, 160)
(1, -72, 159)
(0, -71, 159)
(0, -71, 158)
(1, -71, 157)
(1, -71, 156)
(0, -70, 156)
(1, -70, 155)
(0, -69, 156)
(1, -69, 156)
(0, -68, 157)
(1, -68, 156)
(0, -67, 157)
(0, -67, 158)
(0, -67, 159)
(1, -67, 159)
(0, -66, 160)
(0, -66, 161)
(0, -66, 162)
(1, -66, 162)
(0, -65, 163)
(1, -65, 163)
(0, -64, 163)
(1, -64, 163)
(0, -63, 163)
(1, -63, 163)
(0, -62, 164)
(1, -62, 163)
(0, -61, 163)
(1, -61, 163)
(0, -60, 163)
(1, -60, 163)
(0, -59, 164)
(0, -59, 165)
(1, -59, 165)
(0, -58, 165)
(1, -58, 164)
(0, -57, 165)
(0, -57, 166)
(1, -58, 166)
(1, -58, 167)
(0, -58, 168)
(0, -58, 169)
(1, -58, 169)
(1, -58, 170)
(0, -57, 171)
(1, -57, 170)
(1, -57, 169)
(1, -57, 168)
(1, -57, 167)
(0, -56, 167)
(0, -56, 166)
(1, -56, 165)
(1, -56, 164)
(1, -56, 163)
(0, -56, 163)
(1, -57, 163)
(0, -57, 163)
(0, -57, 162)
(1, -58, 161)
(1, -58, 160)
(0, -58, 160)
(1, -59, 159)
(1, -59, 158)
(1, -59, 157)
(0, -58, 157)
(0, -58, 156)
(1, -58, 155)
(0, -57, 156)
(1, -57, 155)
(0, -56, 155)
(1, -56, 154)
(0, -55, 155)
(1, -55, 155)
(1, -55, 156)
(0, -55, 157)
(1, -56, 157)
(0, -56, 158)
(0, -56, 159)
(1, -56, 159)
(1, -56, 160)
(0, -55, 161)
(1, -55, 160)
(0, -54, 161)
(0, -54, 162)
(0, -54, 163)
(0, -54, 164)
(1, -54, 164)
(0, -53, 164)
(0, -53, 163)
(1, -53, 162)
(0, -52, 163)
(1, -52, 162)
(0, -51, 163)
(1, -51, 162)
(0, -50, 163)
(0, -50, 164)
(0, -50, 165)
(0, -50, 166)
(1, -50, 166)
(0, -49, 167)
(1, -49, 167)
(1, -49, 168)
(0, -49, 169)
(1, -50, 169)
(0, -50, 170)
(0, -50, 171)
(0, -50, 172)
(1, -50, 172)
(0, -49, 172)
(0, -49, 171)
(1, -49, 170)
(0, -48, 170)
(1, -48, 169)
(1, -48, 168)
(1, -48, 167)
(0, -47, 167)
(0, -47, 166)
(1, -48, 165)
(1, -48, 164)
(1, -48, 163)
(0, -48, 163)
(0, -48, 162)
(1, -48, 161)
(0, -47, 161)
(1, -47, 161)
(0, -46, 161)
(0, -46, 160)
(1, -46, 159)
(0, -45, 159)
(1, -45, 159)
(1, -45, 160)
(0, -44, 161)
(0, -44, 162)
(0, -44, 163)
(0, -44, 164)
(1, -45, 164)
(1, -45, 165)
(0, -45, 166)
(0, -45, 167)
(1, -46, 167)
(1, -46, 168)
(0, -46, 169)
(1, -47, 169)
(1, -47, 170)
(0, -47, 171)
(0, -47, 172)
(0, -47, 173)
(1, -47, 173)
(1, -47, 174)
(0, -46, 175)
(1, -46, 174)
(0, -45, 175)
(0, -45, 176)
(1, -46, 176)
(1, -46, 177)
(1, -46, 178)
(0, -46, 179)
(1, -47, 178)
(1, -47, 177)
(0, -47, 177)
(1, -48, 176)
(1, -48, 175)
(1, -48, 174)
(0, -48, 174)
(1, -49, 174)
(0, -49, 175)
(1, -50, 174)
(0, -50, 174)
(1, -51, 174)
(0, -51, 175)
(1, -52, 175)
(0, -52, 175)
(1, -53, 175)
(0, -53, 176)
(0, -53, 177)
(0, -53, 178)
(1, -53, 178)
(0, -52, 179)
(1, -52, 178)
(1, -52, 177)
(0, -51, 177)
(1, -51, 177)
(1, -51, 178)
(0, -50, 179)
(0, -50, 180)
(0, -50, 181)
(0, -50, 182)
(0, -50, 183)
(1, -50, 183)
(0, -49, 184)
(1, -49, 183)
(1, -49, 182)
(1, -49, 181)
(0, -48, 181)
(0, -48, 180)
(1, -48, 179)
(0, -47, 180)
(1, -47, 180)
(0, -46, 181)
(1, -46, 181)
(1, -46, 182)
(1, -46, 183)
(0, -46, 184)
(0, -46, 185)
(1, -47, 185)
(0, -47, 186)
(1, -48, 185)
(0, -48, 185)
(1, -49, 185)
(0, -49, 186)
(1, -50, 186)
(0, -50, 186)
(0, -50, 185)
(1, -51, 184)
(0, -51, 184)
(1, -52, 184)
(1, -52, 185)
(0, -52, 186)
(0, -52, 187)
(1, -52, 187)
(0, -51, 187)
(1, -51, 187)
(1, -51, 188)
(0, -51, 189)
(1, -52, 189)
(0, -52, 189)
(1, -53, 189)
(1, -53, 190)
(0, -52, 191)
(1, -52, 191)
(0, -51, 191)
(1, -51, 190)
(0, -50, 190)
(1, -50, 189)
(0, -49, 189)
(1, -49, 188)
(0, -48, 188)
(1, -48, 187)
(0, -47, 188)
(1, -47, 188)
(0, -46, 189)
(1, -46, 188)
(0, -45, 189)
(1, -45, 188)
(0, -44, 188)
(0, -44, 187)
(0, -44, 186)
(1, -44, 185)
(0, -43, 186)
(1, -43, 186)
(0, -42, 187)
(1, -42, 186)
(1, -42, 185)
(0, -41, 185)
(0, -41, 184)
(0, -41, 183)
(0, -41, 182)
(0, -41, 181)
(1, -42, 180)
(0, -42, 181)
(1, -43, 181)
(1, -43, 182)
(0, -43, 183)
(1, -44, 183)
(0, -44, 183)
(1, -45, 182)
(1, -45, 181)
(0, -44, 181)
(1, -44, 180)
(1, -44, 179)
(1, -44, 178)
(0, -44, 178)
(0, -44, 177)
(1, -44, 176)
(0, -43, 176)
(1, -43, 175)
(0, -42, 175)
(1, -42, 174)
(1, -42, 173)
(0, -41, 173)
(1, -41, 173)
(0, -40, 174)
(1, -40, 174)
(0, -39, 174)
(1, -39, 174)
(1, -39, 175)
(0, -38, 176)
(1, -38, 175)
(0, -37, 176)
(1, -37, 175)
(1, -37, 174)
(0, -37, 174)
(0, -37, 173)
(1, -38, 172)
(0, -38, 172)
(1, -39, 172)
(0, -39, 172)
(0, -39, 171)
(0, -39, 170)
(1, -39, 169)
(0, -38, 169)
(1, -38, 168)
(1, -38, 167)
(0, -38, 167)
(1, -39, 167)
(0, -39, 168)
(1, -40, 168)
(0, -40, 168)
(0, -40, 167)
(0, -40, 166)
(1, -40, 165)
(0, -39, 165)
(1, -39, 165)
(0, -38, 165)
(0, -38, 164)
(1, -39, 163)
(0, -39, 163)
(0, -39, 162)
(1, -40, 161)
(0, -40, 161)
(0, -40, 160)
(1, -41, 159)
(0, -41, 159)
(1, -42, 159)
(0, -42, 159)
(1, -43, 158)
(0, -43, 159)
(1, -44, 158)
(1, -44, 157)
(0, -44, 157)
(0, -44, 156)
(1, -44, 155)
(1, -44, 154)
(1, -44, 153)
(0, -43, 153)
(1, -43, 153)
(1, -43, 154)
(1, -43, 155)
(0, -42, 156)
(1, -42, 155)
(0, -41, 156)
(1, -41, 155)
(0, -40, 156)
(0, -40, 157)
(0, -40, 158)
(1, -40, 158)
(0, -39, 158)
(1, -39, 158)
(0, -38, 159)
(1, -38, 158)
(1, -38, 157)
(0, -38, 157)
(0, -38, 156)
(0, -38, 155)
(1, -39, 154)
(1, -39, 153)
(0, -39, 153)
(1, -40, 152)
(0, -40, 153)
(1, -41, 153)
(0, -41, 153)
(1, -42, 152)
(0, -42, 152)
(1, -43, 151)
(0, -43, 151)
(0, -43, 150)
(1, -43, 149)
(0, -42, 149)
(1, -42, 148)
(1, -42, 147)
(0, -42, 147)
(0, -42, 146)
(1, -42, 145)
(0, -41, 145)
(1, -41, 145)
(1, -41, 146)
(0, -40, 147)
(1, -40, 146)
(0, -39, 147)
(1, -39, 146)
(0, -38, 146)
(1, -38, 146)
(0, -37, 146)
(1, -37, 145)
(0, -36, 145)
(1, -36, 145)
(0, -35, 145)
(1, -35, 145)
(0, -34, 145)
(1, -34, 144)
(1, -34, 143)
(0, -34, 143)
(0, -34, 142)
(1, -35, 141)
(0, -35, 141)
(1, -36, 141)
(0, -36, 141)
(1, -37, 141)
(1, -37, 142)
(0, -37, 143)
(1, -38, 142)
(0, -38, 142)
(0, -38, 141)
(1, -38, 140)
(1, -38, 139)
(1, -38, 138)
(0, -37, 138)
(0, -37, 137)
(1, -38, 136)
(0, -38, 137)
(1, -39, 137)
(0, -39, 138)
(0, -39, 139)
(0, -39, 140)
(0, -39, 141)
(0, -39, 142)
(0, -39, 143)
(1, -40, 143)
(0, -40, 144)
(1, -41, 143)
(0, -41, 143)
(1, -42, 142)
(0, -42, 143)
(0, -42, 144)
(1, -43, 144)
(0, -43, 145)
(1, -44, 145)
(1, -44, 146)
(1, -44, 147)
(0, -44, 148)
(0, -44, 149)
(0, -44, 150)
(1, -45, 150)
(0, -45, 150)
(1, -46, 149)
(1, -46, 148)
(1, -46, 147)
(0, -45, 147)
(0, -45, 146)
(0, -45, 145)
(1, -46, 144)
(0, -46, 145)
(1, -47, 145)
(0, -47, 145)
(1, -48, 144)
(1, -48, 143)
(0, -48, 143)
(1, -49, 143)
(0, -49, 143)
(0, -49, 142)
(1, -50, 141)
(1, -50, 140)
(0, -50, 140)
(1, -51, 139)
(0, -51, 139)
(0, -51, 138)
(1, -51, 137)
(0, -50, 138)
(1, -50, 138)
(0, -49, 138)
(1, -49, 138)
(0, -48, 139)
(1, -48, 138)
(1, -48, 137)
(0, -48, 137)
(1, -49, 136)
(1, -49, 135)
(0, -49, 135)
(0, -49, 134)
(1, -49, 133)
(1, -49, 132)
(0, -49, 132)
(1, -50, 131)
(0, -50, 132)
(0, -50, 133)
(1, -51, 133)
(0, -51, 133)
(1, -52, 133)
(1, -52, 134)
(0, -51, 135)
(0, -51, 136)
(1, -52, 136)
(0, -52, 136)
(1, -53, 136)
(0, -53, 136)
(1, -54, 135)
(0, -54, 135)
(1, -55, 135)
(0, -55, 135)
(0, -55, 134)
(1, -55, 133)
(0, -54, 133)
(1, -54, 133)
(0, -53, 133)
(1, -53, 132)
(1, -53, 131)
(1, -53, 130)
(1, -53, 129)
(0, -52, 129)
(1, -52, 129)
(0, -51, 129)
(1, -51, 128)
(1, -51, 127)
(0, -51, 127)
(1, -52, 126)
(0, -52, 126)
(1, -53, 125)
(1, -53, 124)
(0, -53, 124)
(1, -54, 124)
(0, -54, 125)
(1, -55, 124)
(0, -55, 124)
(0, -55, 123)
(0, -55, 122)
(1, -56, 121)
(0, -56, 122)
(1, -57, 121)
(0, -57, 122)
(0, -57, 123)
(1, -58, 123)
(1, -58, 124)
(0, -57, 125)
(1, -57, 125)
(0, -56, 126)
(0, -56, 127)
(0, -56, 128)
(1, -57, 128)
(0, -57, 129)
(1, -58, 129)
(0, -58, 129)
(1, -59, 128)
(1, -59, 127)
(1, -59, 126)
(0, -59, 126)
(1, -60, 126)
(0, -60, 127)
(0, -60, 128)
(1, -61, 128)
(1, -61, 129)
(0, -60, 130)
(0, -60, 131)
(1, -61, 131)
(1, -61, 132)
(0, -61, 133)
(1, -62, 132)
(0, -62, 133)
(1, -63, 132)
(0, -63, 133)
(1, -64, 133)
(1, -64, 134)
(0, -64, 135)
(0, -64, 136)
(1, -64, 136)
(1, -64, 137)
(0, -64, 138)
(0, -64, 139)
(1, -65, 139)
(1, -65, 140)
(1, -65, 141)
(0, -64, 142)
(0, -64, 143)
(1, -65, 143)
(0, -65, 143)
(1, -66, 142)
(0, -66, 142)
(1, -67, 141)
(1, -67, 140)
(0, -66, 140)
(1, -66, 139)
(1, -66, 138)
(1, -66, 137)
(1, -66, 136)
(0, -65, 136)
(0, -65, 135)
(1, -66, 134)
(0, -66, 135)
(1, -67, 135)
(1, -67, 136)
(1, -67, 137)
(1, -67, 138)
(0, -67, 139)
(1, -68, 139)
(1, -68, 140)
(0, -68, 141)
(0, -68, 142)
(1, -69, 142)
(0, -69, 143)
(1, -70, 142)
(1, -70, 141)
(0, -69, 141)
(0, -69, 140)
(1, -70, 139)
(0, -70, 139)
(1, -71, 138)
(0, -71, 138)
(1, -72, 138)
(1, -72, 139)
(0, -71, 140)
(0, -71, 141)
(1, -72, 141)
(1, -72, 142)
(0, -72, 143)
(1, -73, 143)
(0, -73, 143)
(1, -74, 142)
(0, -74, 142)
(0, -74, 141)
(1, -75, 140)
(1, -75, 139)
(0, -74, 139)
(0, -74, 138)
(0, -74, 137)
(0, -74, 136)
(0, -74, 135)
(0, -74, 134)
(1, -75, 133)
(0, -75, 133)
(1, -76, 133)
(0, -76, 133)
(0, -76, 132)
(1, -76, 131)
(1, -76, 130)
(1, -76, 129)
(1, -76, 128)
(0, -75, 128)
(1, -75, 128)
(0, -74, 128)
(1, -74, 128)
(0, -73, 129)
(1, -73, 129)
(1, -73, 130)
(0, -72, 131)
(0, -72, 132)
(1, -72, 132)
(0, -71, 132)
(1, -71, 131)
(0, -70, 132)
(0, -70, 133)
(1, -70, 133)
(1, -70, 134)
(0, -69, 135)
(1, -69, 134)
(0, -68, 134)
(1, -68, 134)
(0, -67, 134)
(1, -67, 133)
(1, -67, 132)
(0, -66, 132)
(0, -66, 131)
(1, -67, 130)
(0, -67, 130)
(1, -68, 129)
(0, -68, 129)
(1, -69, 129)
(0, -69, 130)
(1, -70, 129)
(1, -70, 128)
(1, -70, 127)
(1, -70, 126)
(0, -70, 126)
(0, -70, 125)
(0, -70, 124)
(1, -70, 123)
(0, -69, 123)
(1, -69, 122)
(0, -68, 122)
(1, -68, 122)
(0, -67, 122)
(0, -67, 121)
(1, -67, 120)
(0, -66, 120)
(1, -66, 119)
(0, -65, 119)
(1, -65, 119)
(0, -64, 120)
(1, -64, 120)
(0, -63, 120)
(0, -63, 119)
(1, -64, 118)
(0, -64, 118)
(0, -64, 117)
(1, -64, 116)
(0, -63, 117)
(1, -63, 117)
(0, -62, 118)
(1, -62, 118)
(1, -62, 119)
(0, -61, 120)
(1, -61, 120)
(0, -60, 120)
(0, -60, 119)
(1, -61, 118)
(1, -61, 117)
(0, -61, 117)
(0, -61, 116)
(0, -61, 115)
(1, -62, 114)
(0, -62, 114)
(1, -63, 114)
(0, -63, 114)
(1, -64, 113)
(0, -64, 113)
(1, -65, 113)
(0, -65, 114)
(0, -65, 115)
(0, -65, 116)
(1, -66, 116)
(0, -66, 117)
(1, -67, 116)
(0, -67, 117)
(1, -68, 116)
(0, -68, 116)
(1, -69, 115)
(1, -69, 114)
(1, -69, 113)
(0, -69, 113)
(0, -69, 112)
(1, -69, 111)
(1, -69, 110)
(0, -68, 110)
(1, -68, 109)
(1, -68, 108)
(0, -68, 108)
(1, -69, 108)
(0, -69, 109)
(1, -70, 109)
(0, -70, 110)
(1, -71, 109)
(0, -71, 109)
(1, -72, 108)
(0, -72, 108)
(0, -72, 107)
(1, -72, 106)
(0, -71, 107)
(1, -71, 107)
(0, -70, 108)
(1, -70, 107)
(1, -70, 106)
(1, -70, 105)
(1, -70, 104)
(0, -70, 104)
(1, -71, 103)
(0, -71, 104)
(1, -72, 104)
(0, -72, 104)
(1, -73, 104)
(0, -73, 104)
(1, -74, 103)
(0, -74, 104)
(1, -75, 104)
(0, -75, 105)
(0, -75, 106)
(1, -76, 106)
(0, -76, 106)
(1, -77, 106)
(1, -77, 107)
(0, -77, 108)
(0, -77, 109)
(1, -77, 109)
(0, -76, 109)
(1, -76, 109)
(0, -75, 109)
(0, -75, 108)
(1, -75, 107)
(0, -74, 107)
(1, -74, 107)
(1, -74, 108)
(0, -74, 109)
(0, -74, 110)
(1, -74, 110)
(0, -73, 111)
(1, -73, 110)
(0, -72, 110)
(1, -72, 110)
(0, -71, 111)
(1, -71, 111)
(1, -71, 112)
(0, -71, 113)
(0, -71, 114)
(1, -72, 114)
(0, -72, 115)
(1, -73, 114)
(1, -73, 113)
(0, -73, 113)
(1, -74, 112)
(0, -74, 113)
(1, -75, 112)
(1, -75, 111)
(0, -75, 111)
(1, -76, 111)
(0, -76, 112)
(1, -77, 112)
(0, -77, 113)
(1, -78, 112)
(0, -78, 112)
(0, -78, 111)
(0, -78, 110)
(1, -79, 109)
(0, -79, 109)
(0, -79, 108)
(1, -80, 107)
(0, -80, 108)
(1, -81, 107)
(0, -81, 107)
(0, -81, 106)
(1, -82, 105)
(1, -82, 104)
(0, -82, 104)
(0, -82, 103)
(0, -82, 102)
(1, -82, 101)
(1, -82, 100)
(0, -82, 100)
(1, -83, 99)
(0, -83, 100)
(1, -84, 99)
(0, -84, 99)
(0, -84, 98)
(1, -84, 97)
(1, -84, 96)
(0, -83, 96)
(0, -83, 95)
(0, -83, 94)
(1, -83, 93)
(0, -82, 93)
(1, -82, 92)
(0, -81, 92)
(0, -81, 91)
(0, -81, 90)
(1, -81, 89)
(1, -81, 88)
(0, -80, 88)
(1, -80, 88)
(1, -80, 89)
(1, -80, 90)
(0, -80, 91)
(0, -80, 92)
(1, -80, 92)
(0, -79, 92)
(1, -79, 92)
(0, -78, 92)
(1, -78, 92)
(0, -77, 92)
(0, -77, 91)
(0, -77, 90)
(1, -78, 89)
(1, -78, 88)
(0, -78, 88)
(0, -78, 87)
(1, -78, 86)
(1, -78, 85)
(0, -78, 85)
(0, -78, 84)
(0, -78, 83)
(1, -79, 82)
(1, -79, 81)
(1, -79, 80)
(1, -79, 79)
(1, -79, 78)
(0, -79, 78)
(0, -79, 77)
(1, -80, 76)
(1, -80, 75)
(0, -79, 75)
(0, -79, 74)
(1, -80, 73)
(0, -80, 73)
(1, -81, 73)
(0, -81, 73)
(0, -81, 72)
(0, -81, 71)
(1, -81, 70)
(0, -80, 70)
(1, -80, 70)
(0, -79, 71)
(0, -79, 72)
(1, -79, 72)
(0, -78, 73)
(0, -78, 74)
(1, -78, 74)
(1, -78, 75)
(1, -78, 76)
(0, -77, 77)
(1, -77, 77)
(0, -76, 78)
(1, -76, 77)
(0, -75, 78)
(1, -75, 77)
(1, -75, 76)
(0, -74, 76)
(0, -74, 75)
(1, -74, 74)
(0, -73, 75)
(0, -73, 76)
(1, -73, 76)
(1, -73, 77)
(0, -72, 78)
(1, -72, 78)
(0, -71, 79)
(0, -71, 80)
(1, -71, 80)
(0, -70, 81)
(1, -70, 80)
(1, -70, 79)
(1, -70, 78)
(0, -70, 78)
(0, -70, 77)
(0, -70, 76)
(1, -70, 75)
(0, -69, 76)
(1, -69, 76)
(0, -68, 76)
(1, -68, 76)
(0, -67, 77)
(1, -67, 76)
(0, -66, 76)
(1, -66, 75)
(0, -65, 76)
(1, -65, 76)
(0, -64, 77)
(0, -64, 78)
(1, -64, 78)
(1, -64, 79)
(0, -63, 80)
(1, -63, 80)
(0, -62, 81)
(1, -62, 81)
(1, -62, 82)
(1, -62, 83)
(0, -62, 84)
(0, -62, 85)
(1, -63, 85)
(0, -63, 85)
(0, -63, 84)
(0, -63, 83)
(1, -64, 82)
(0, -64, 82)
(1, -65, 82)
(1, -65, 83)
(0, -65, 84)
(1, -66, 83)
(0, -66, 83)
(0, -66, 82)
(1, -67, 81)
(0, -67, 81)
(1, -68, 81)
(0, -68, 82)
(1, -69, 82)
(1, -69, 83)
(0, -68, 84)
(1, -68, 83)
(0, -67, 84)
(1, -67, 84)
(1, -67, 85)
(1, -67, 86)
(0, -66, 87)
(1, -66, 86)
(0, -65, 87)
(0, -65, 88)
(0, -65, 89)
(1, -66, 89)
(1, -66, 90)
(0, -66, 91)
(0, -66, 92)
(1, -67, 92)
(0, -67, 92)
(0, -67, 91)
(1, -68, 90)
(1, -68, 89)
(0, -68, 89)
(1, -69, 88)
(0, -69, 89)
(0, -69, 90)
(0, -69, 91)
(1, -70, 91)
(1, -70, 92)
(0, -70, 93)
(0, -70, 94)
(1, -71, 94)
(1, -71, 95)
(0, -71, 96)
(1, -72, 95)
(0, -72, 95)
(1, -73, 95)
(0, -73, 95)
(0, -73, 94)
(1, -73, 93)
(0, -72, 93)
(1, -72, 93)
(0, -71, 93)
(0, -71, 92)
(1, -71, 91)
(1, -71, 90)
(0, -71, 90)
(1, -72, 89)
(0, -72, 89)
(1, -73, 89)
(1, -73, 90)
(0, -73, 91)
(1, -74, 91)
(0, -74, 91)
(1, -75, 91)
(1, -75, 92)
(1, -75, 93)
(1, -75, 94)
(0, -74, 95)
(0, -74, 96)
(1, -74, 96)
(1, -74, 97)
(0, -74, 98)
(0, -74, 99)
(1, -75, 99)
(0, -75, 99)
(1, -76, 98)
(0, -76, 99)
(0, -76, 100)
(1, -77, 100)
(0, -77, 100)
(0, -77, 99)
(0, -77, 98)
(1, -78, 97)
(0, -78, 98)
(0, -78, 99)
(0, -78, 100)
(1, -79, 100)
(0, -79, 100)
(0, -79, 99)
(0, -79, 98)
(0, -79, 97)
(1, -79, 96)
(1, -79, 95)
(1, -79, 94)
(0, -79, 94)
(1, -80, 94)
(1, -80, 95)
(0, -80, 96)
(1, -81, 96)
(0, -81, 97)
(1, -82, 97)
(1, -82, 98)
(0, -81, 99)
(1, -81, 99)
(0, -80, 100)
(0, -80, 101)
(1, -80, 101)
(1, -80, 102)
(0, -80, 103)
(0, -80, 104)
(1, -80, 104)
(0, -79, 104)
(1, -79, 103)
(0, -78, 103)
(1, -78, 102)
(0, -77, 102)
(1, -77, 102)
(0, -76, 102)
(1, -76, 102)
(0, -75, 103)
(1, -75, 102)
(0, -74, 102)
(0, -74, 101)
(1, -74, 100)
(0, -73, 101)
(1, -73, 101)
(0, -72, 101)
(0, -72, 100)
(0, -72, 99)
(1, -72, 98)
(0, -71, 99)
(1, -71, 98)
(0, -70, 98)
(1, -70, 98)
(0, -69, 98)
(1, -69, 97)
(1, -69, 96)
(0, -68, 96)
(1, -68, 96)
(0, -67, 97)
(1, -67, 96)
(0, -66, 97)
(1, -66, 97)
(0, -65, 97)
(1, -65, 97)
(1, -65, 98)
(1, -65, 99)
(0, -65, 100)
(1, -66, 100)
(0, -66, 100)
(1, -67, 100)
(1, -67, 101)
(0, -66, 102)
(0, -66, 103)
(0, -66, 104)
(1, -67, 104)
(0, -67, 105)
(0, -67, 106)
(0, -67, 107)
(1, -67, 107)
(1, -67, 108)
(1, -67, 109)
(1, -67, 110)
(0, -66, 111)
(0, -66, 112)
(1, -66, 112)
(0, -65, 112)
(1, -65, 111)
(1, -65, 110)
(0, -65, 110)
(0, -65, 109)
(1, -65, 108)
(1, -65, 107)
(1, -65, 106)
(0, -65, 106)
(0, -65, 105)
(1, -65, 104)
(0, -64, 105)
(1, -64, 105)
(1, -64, 106)
(0, -63, 107)
(1, -63, 107)
(1, -63, 108)
(0, -62, 109)
(1, -62, 109)
(0, -61, 110)
(0, -61, 111)
(1, -61, 111)
(0, -60, 112)
(0, -60, 113)
(1, -60, 113)
(1, -60, 114)
(0, -59, 115)
(1, -59, 115)
(0, -58, 116)
(1, -58, 115)
(0, -57, 115)
(0, -57, 114)
(1, -57, 113)
(1, -57, 112)
(1, -57, 111)
(0, -57, 111)
(0, -57, 110)
(1, -57, 109)
(0, -56, 109)
(0, -56, 108)
(1, -57, 107)
(0, -57, 108)
(1, -58, 108)
(0, -58, 109)
(1, -59, 108)
(1, -59, 107)
(0, -59, 107)
(0, -59, 106)
(0, -59, 105)
(1, -60, 104)
(0, -60, 105)
(1, -61, 105)
(1, -61, 106)
(0, -61, 107)
(1, -62, 106)
(0, -62, 106)
(0, -62, 105)
(1, -62, 104)
(0, -61, 104)
(0, -61, 103)
(1, -61, 102)
(0, -60, 103)
(1, -60, 102)
(1, -60, 101)
(0, -59, 101)
(0, -59, 100)
(1, -59, 99)
(0, -58, 100)
(1, -58, 100)
(0, -57, 100)
(1, -57, 100)
(1, -57, 101)
(0, -57, 102)
(1, -58, 102)
(1, -58, 103)
(0, -57, 104)
(1, -57, 104)
(0, -56, 105)
(1, -56, 105)
(0, -55, 106)
(1, -55, 106)
(0, -54, 106)
(0, -54, 105)
(1, -55, 104)
(1, -55, 103)
(0, -54, 103)
(0, -54, 102)
(1, -55, 101)
(1, -55, 100)
(0, -54, 100)
(1, -54, 100)
(0, -53, 101)
(1, -53, 101)
(0, -52, 102)
(0, -52, 103)
(0, -52, 104)
(1, -53, 104)
(1, -53, 105)
(0, -53, 106)
(0, -53, 107)
(1, -54, 107)
(0, -54, 108)
(0, -54, 109)
(1, -55, 109)
(1, -55, 110)
(0, -55, 111)
(0, -55, 112)
(0, -55, 113)
(1, -55, 113)
(1, -55, 114)
(0, -55, 115)
(1, -56, 114)
(0, -56, 115)
(0, -56, 116)
(1, -56, 116)
(0, -55, 117)
(0, -55, 118)
(0, -55, 119)
(1, -55, 119)
(0, -54, 119)
(1, -54, 119)
(1, -54, 120)
(0, -53, 121)
(1, -53, 120)
(0, -52, 120)
(1, -52, 120)
(0, -51, 120)
(0, -51, 119)
(1, -51, 118)
(1, -51, 117)
(1, -51, 116)
(1, -51, 115)
(0, -50, 115)
(1, -50, 114)
