(1, -38, -166)
(0, -37, -166)
(1, -37, -166)
(0, -36, -165)
(1, -36, -165)
(0, -35, -164)
(1, -35, -164)
(1, -35, -163)
(1, -35, -162)
(0, -35, -161)
(0, -35, -160)
(1, -35, -160)
(0, -34, -159)
(1, -34, -160)
(0, -33, -160)
(1, -33, -161)
(0, -32, -161)
(1, -32, -162)
(0, -31, -162)
(0, -31, -163)
(1, -32, -164)
(1, -32, -165)
(0, -31, -165)
(1, -31, -165)
(0, -30, -165)
(1, -30, -166)
(0, -29, -166)
(1, -29, -167)
(1, -29, -168)
(1, -29, -169)
(1, -29, -170)
(0, -29, -170)
(1, -30, -170)
(0, -30, -170)
(0, -30, -171)
(1, -31, -172)
(0, -31, -171)
(0, -31, -170)
(1, -32, -170)
(0, -32, -170)
(0, -32, -171)
(1, -33, -172)
(1, -33, -173)
(1, -33, -174)
(0, -32, -174)
(0, -32, -175)
(1, -32, -176)
(0, -31, -175)
(1, -31, -176)
(0, -30, -176)
(0, -30, -177)
(0, -30, -178)
(0, -30, -179)
(1, -30, -180)
(1, -30, -181)
(1, -30, -182)
(0, -29, -182)
(1, -29, -183)
(0, -28, -183)
(0, -28, -184)
(1, -29, -185)
(1, -29, -186)
(0, -29, -186)
(1, -30, -186)
(0, -30, -185)
(1, -31, -185)
(1, -31, -184)
(0, -31, -183)
(1, -32, -184)
(0, -32, -184)
(1, -33, -185)
(0, -33, -184)
(0, -33, -183)
(1, -33, -183)
(0, -32, -182)
(1, -32, -182)
(1, -32, -181)
(0, -32, -180)
(1, -33, -180)
(0, -33, -180)
(0, -33, -181)
(1, -34, -182)
(0, -34, -182)
(1, -35, -182)
(1, -35, -181)
(0, -34, -180)
(0, -34, -179)
(1, -35, -179)
(0, -35, -179)
(1, -36, -180)
(1, -36, -181)
(0, -36, -181)
(1, -37, -181)
(1, -37, -180)
(1, -37, -179)
(0, -37, -178)
(0, -37, -177)
(1, -37, -177)
(0, -36, -177)
(1, -36, -177)
(0, -35, -176)
(1, -35, -176)
(0, -34, -175)
(0, -34, -174)
(1, -34, -174)
(1, -34, -173)
(0, -34, -172)
(1, -35, -172)
(0, -35, -172)
(1, -36, -172)
(0, -36, -172)
(0, -36, -173)
(1, -36, -174)
(1, -36, -175)
(0, -36, -175)
(1, -37, -175)
(0, -37, -174)
(0, -37, -173)
(0, -37, -172)
(1, -38, -172)
(0, -38, -171)
(1, -39, -171)
(1, -39, -170)
(1, -39, -169)
(1, -39, -168)
(0, -39, -167)
(1, -40, -168)
(1, -40, -169)
(1, -40, -170)
(0, -40, -170)
(1, -41, -170)
(0, -41, -169)
(1, -42, -170)
(0, -42, -169)
(1, -43, -170)
(0, -43, -169)
(0, -43, -168)
(1, -43, -168)
(1, -43, -167)
(0, -43, -166)
(0, -43, -165)
(1, -44, -165)
(0, -44, -164)
(1, -45, -165)
(0, -45, -165)
(1, -46, -165)
(0, -46, -165)
(1, -47, -166)
(0, -47, -165)
(0, -47, -164)
(1, -47, -164)
(1, -47, -163)
(0, -47, -162)
(1, -48, -162)
(1, -48, -161)
(1, -48, -160)
(1, -48, -159)
(1, -48, -158)
(0, -48, -157)
(0, -48, -156)
(0, -48, -155)
(1, -48, -155)
(0, -47, -154)
(1, -47, -154)
(0, -46, -154)
(1, -46, -155)
(0, -45, -154)
(1, -45, -154)
(0, -44, -154)
(0, -44, -155)
(1, -44, -156)
(0, -43, -156)
(1, -43, -157)
(1, -43, -158)
(0, -42, -158)
(1, -42, -159)
(0, -41, -159)
(1, -41, -159)
(1, -41, -158)
(0, -41, -157)
(0, -41, -156)
(1, -41, -156)
(0, -40, -156)
(1, -40, -157)
(0, -39, -156)
(1, -39, -157)
(0, -38, -156)
(1, -38, -156)
(0, -37, -155)
(0, -37, -154)
(0, -37, -153)
(1, -38, -153)
(1, -38, -152)
(1, -38, -151)
(0, -37, -150)
(0, -37, -149)
(1, -38, -149)
(0, -38, -149)
(1, -39, -150)
(1, -39, -151)
(1, -39, -152)
(0, -39, -152)
(1, -40, -153)
(0, -40, -152)
(1, -41, -152)
(1, -41, -151)
(1, -41, -150)
(0, -41, -149)
(1, -42, -149)
(0, -42, -149)
(1, -43, -149)
(0, -43, -149)
(1, -44, -150)
(0, -44, -150)
(1, -45, -150)
(0, -45, -150)
(1, -46, -151)
(0, -46, -150)
(0, -46, -149)
(1, -47, -149)
(0, -47, -149)
(1, -48, -150)
(0, -48, -150)
(1, -49, -150)
(0, -49, -150)
(1, -50, -150)
(1, -50, -149)
(0, -50, -148)
(1, -51, -148)
(0, -51, -147)
(0, -51, -146)
(0, -51, -145)
(0, -51, -144)
(0, -51, -143)
(0, -51, -142)
(1, -52, -142)
(0, -52, -142)
(1, -53, -142)
(0, -53, -142)
(1, -54, -142)
(0, -54, -141)
(1, -55, -142)
(1, -55, -143)
(0, -55, -143)
(1, -56, -144)
(0, -56, -144)
(0, -56, -145)
(1, -57, -146)
(1, -57, -147)
(1, -57, -148)
(0, -56, -148)
(0, -56, -149)
(1, -57, -150)
(0, -57, -149)
(1, -58, -150)
(0, -58, -150)
(1, -59, -151)
(0, -59, -151)
(1, -60, -152)
(1, -60, -153)
(0, -59, -153)
(0, -59, -154)
(1, -59, -155)
(0, -58, -154)
(1, -58, -155)
(1, -58, -156)
(0, -58, -156)
(0, -58, -157)
(1, -58, -158)
(0, -57, -157)
(1, -57, -157)
(0, -56, -156)
(1, -56, -157)
(1, -56, -158)
(1, -56, -159)
(0, -56, -159)
(0, -56, -160)
(1, -57, -161)
(0, -57, -160)
(1, -58, -161)
(1, -58, -162)
(1, -58, -163)
(1, -58, -164)
(0, -57, -164)
(0, -57, -165)
(1, -58, -166)
(0, -58, -166)
(1, -59, -166)
(0, -59, -166)
(0, -59, -167)
(1, -59, -168)
(0, -58, -168)
(1, -58, -168)
(0, -57, -167)
(1, -57, -167)
(0, -56, -166)
(1, -56, -167)
(0, -55, -166)
(0, -55, -165)
(0, -55, -164)
(0, -55, -163)
(1, -55, -163)
(1, -55, -162)
(0, -54, -161)
(0, -54, -160)
(1, -55, -160)
(1, -55, -159)
(1, -55, -158)
(1, -55, -157)
(0, -54, -156)
(1, -54, -157)
(1, -54, -158)
(0, -53, -158)
(1, -53, -158)
(0, -52, -158)
(0, -52, -159)
(1, -53, -160)
(1, -53, -161)
(0, -52, -161)
(0, -52, -162)
(1, -53, -163)
(0, -53, -162)
(1, -54, -163)
(1, -54, -164)
(1, -54, -165)
(0, -54, -165)
(0, -54, -166)
(0, -54, -167)
(1, -54, -168)
(1, -54, -169)
(0, -53, -169)
(0, -53, -170)
(1, -53, -171)
(0, -52, -170)
(0, -52, -169)
(1, -52, -169)
(0, -51, -168)
(1, -51, -169)
(0, -50, -168)
(1, -50, -169)
(0, -49, -168)
(1, -49, -169)
(1, -49, -170)
(1, -49, -171)
(0, -49, -171)
(1, -50, -172)
(0, -50, -171)
(1, -51, -171)
(0, -51, -171)
(0, -51, -172)
(1, -52, -173)
(0, -52, -172)
(1, -53, -173)
(1, -53, -174)
(0, -52, -174)
(1, -52, -175)
(1, -52, -176)
(0, -51, -176)
(1, -51, -176)
(0, -50, -176)
(0, -50, -177)
(0, -50, -178)
(0, -50, -179)
(0, -50, -180)
(1, -51, -181)
(0, -51, -181)
(0, -51, -182)
(0, -51, -183)
(1, -52, -184)
(0, -52, -183)
(0, -52, -182)
(0, -52, -181)
(0, -52, -180)
(1, -52, -180)
(0, -51, -179)
(0, -51, -178)
(1, -52, -178)
(0, -52, -178)
(1, -53, -178)
(0, -53, -177)
(0, -53, -176)
(0, -53, -175)
(1, -54, -175)
(0, -54, -174)
(1, -55, -174)
(1, -55, -173)
(0, -55, -172)
(1, -56, -173)
(0, -56, -172)
(0, -56, -171)
(0, -56, -170)
(1, -57, -170)
(0, -57, -170)
(1, -58, -171)
(0, -58, -170)
(1, -59, -170)
(0, -59, -169)
(1, -60, -169)
(0, -60, -169)
(0, -60, -170)
(1, -61, -171)
(0, -61, -171)
(1, -62, -171)
(0, -62, -171)
(1, -63, -171)
(0, -63, -171)
(1, -64, -172)
(0, -64, -171)
(1, -65, -172)
(1, -65, -173)
(0, -64, -173)
(0, -64, -174)
(1, -65, -175)
(1, -65, -176)
(0, -65, -176)
(0, -65, -177)
(1, -66, -178)
(0, -66, -177)
(0, -66, -176)
(0, -66, -175)
(0, -66, -174)
(1, -67, -174)
(0, -67, -174)
(1, -68, -174)
(0, -68, -174)
(1, -69, -175)
(0, -69, -175)
(0, -69, -176)
(1, -69, -177)
(1, -69, -178)
(0, -69, -178)
(1, -70, -179)
(0, -70, -178)
(0, -70, -177)
(0, -70, -176)
(0, -70, -175)
(1, -71, -175)
(0, -71, -175)
(0, -71, -176)
(1, -72, -177)
(1, -72, -178)
(1, -72, -179)
(0, -72, -179)
(0, -72, -180)
(1, -73, -181)
(0, -73, -181)
(1, -74, -181)
(0, -74, -181)
(1, -75, -181)
(0, -75, -181)
(1, -76, -182)
(0, -76, -181)
(0, -76, -180)
(0, -76, -179)
(1, -77, -179)
(1, -77, -178)
(0, -76, -177)
(1, -76, -177)
(0, -75, -177)
(1, -75, -178)
(0, -74, -177)
(1, -74, -178)
(0, -73, -177)
(0, -73, -176)
(1, -74, -176)
(0, -74, -175)
(1, -75, -175)
(1, -75, -174)
(0, -74, -173)
(0, -74, -172)
(0, -74, -171)
(1, -74, -171)
(1, -74, -170)
(0, -74, -169)
(1, -75, -170)
(0, -75, -170)
(0, -75, -171)
(1, -76, -172)
(0, -76, -172)
(1, -77, -173)
(0, -77, -172)
(1, -78, -173)
(0, -78, -172)
(1, -79, -173)
(0, -79, -172)
(0, -79, -171)
(1, -80, -171)
(1, -80, -170)
(1, -80, -169)
(1, -80, -168)
(0, -79, -167)
(1, -79, -168)
(1, -79, -169)
(1, -79, -170)
(0, -78, -170)
(1, -78, -171)
(0, -77, -170)
(1, -77, -171)
(0, -76, -170)
(0, -76, -169)
(0, -76, -168)
(0, -76, -167)
(1, -77, -167)
(0, -77, -167)
(1, -78, -167)
(1, -78, -166)
(1, -78, -165)
(1, -78, -164)
(0, -77, -163)
(1, -77, -164)
(0, -76, -163)
(1, -76, -163)
(1, -76, -162)
(1, -76, -161)
(0, -75, -160)
(0, -75, -159)
(0, -75, -158)
(1, -75, -158)
(0, -74, -157)
(1, -74, -157)
(1, -74, -156)
(1, -74, -155)
(1, -74, -154)
(0, -74, -153)
(1, -75, -153)
(1, -75, -152)
(0, -75, -151)
(1, -76, -152)
(1, -76, -153)
(0, -76, -153)
(1, -77, -153)
(0, -77, -152)
(1, -78, -152)
(1, -78, -151)
(1, -78, -150)
(0, -77, -149)
(1, -77, -149)
(0, -76, -149)
(1, -76, -149)
(1, -76, -148)
(0, -76, -147)
(1, -77, -147)
(0, -77, -147)
(1, -78, -147)
(1, -78, -146)
(0, -78, -145)
(1, -79, -146)
(0, -79, -145)
(1, -80, -145)
(1, -80, -144)
(0, -80, -143)
(0, -80, -142)
(0, -80, -141)
(0, -80, -140)
(1, -81, -140)
(1, -81, -139)
(0, -81, -138)
(0, -81, -137)
(1, -82, -137)
(0, -82, -136)
(0, -82, -135)
(0, -82, -134)
(0, -82, -133)
(0, -82, -132)
(0, -82, -131)
(0, -82, -130)
(1, -83, -130)
(0, -83, -130)
(0, -83, -131)
(1, -84, -132)
(0, -84, -132)
(1, -85, -132)
(1, -85, -131)
(0, -85, -130)
(1, -86, -130)
(0, -86, -129)
(1, -87, -130)
(0, -87, -130)
(1, -88, -131)
(0, -88, -131)
(1, -89, -131)
(0, -89, -130)
(1, -90, -130)
(0, -90, -129)
(0, -90, -128)
(1, -91, -128)
(0, -91, -128)
(1, -92, -128)
(1, -92, -127)
(0, -91, -126)
(1, -91, -126)
(0, -90, -126)
(1, -90, -127)
(0, -89, -127)
(0, -89, -128)
(1, -89, -129)
(0, -88, -129)
(1, -88, -129)
(1, -88, -128)
(0, -87, -127)
(1, -87, -127)
(0, -86, -126)
(1, -86, -126)
(1, -86, -125)
(0, -86, -124)
(1, -87, -124)
(0, -87, -123)
(0, -87, -122)
(1, -87, -122)
(1, -87, -121)
(1, -87, -120)
(1, -87, -119)
(0, -87, -118)
(1, -88, -119)
(0, -88, -118)
(1, -89, -119)
(0, -89, -119)
(1, -90, -120)
(1, -90, -121)
(0, -90, -121)
(1, -91, -122)
(0, -91, -121)
(1, -92, -122)
(0, -92, -121)
(1, -93, -122)
(1, -93, -123)
(0, -93, -123)
(1, -94, -124)
(0, -94, -123)
(1, -95, -124)
(0, -95, -123)
(1, -96, -123)
(1, -96, -122)
(0, -96, -121)
(1, -97, -122)
(0, -97, -121)
(1, -98, -121)
(0, -98, -120)
(0, -98, -119)
(1, -99, -119)
(0, -99, -119)
(1, -100, -120)
(0, -100, -119)
(0, -100, -118)
(0, -100, -117)
(0, -100, -116)
(1, -100, -116)
(1, -100, -115)
(1, -100, -114)
(0, -99, -113)
(1, -99, -114)
(0, -98, -114)
(1, -98, -114)
(0, -97, -113)
(1, -97, -114)
(0, -96, -114)
(1, -96, -114)
(1, -96, -113)
(0, -96, -112)
(1, -97, -112)
(0, -97, -111)
(0, -97, -110)
(0, -97, -109)
(0, -97, -108)
(1, -97, -108)
(0, -96, -108)
(1, -96, -108)
(0, -95, -108)
(1, -95, -108)
(1, -95, -107)
(0, -95, -106)
(0, -95, -105)
(1, -96, -105)
(1, -96, -104)
(0, -95, -103)
(1, -95, -104)
(0, -94, -103)
(0, -94, -102)
(0, -94, -101)
(0, -94, -100)
(1, -95, -100)
(0, -95, -100)
(1, -96, -100)
(1, -96, -99)
(1, -96, -98)
(0, -95, -97)
(1, -95, -98)
(0, -94, -98)
(1, -94, -98)
(0, -93, -97)
(1, -93, -97)
(0, -92, -97)
(1, -92, -97)
(0, -91, -97)
(0, -91, -98)
(1, -91, -99)
(1, -91, -100)
(0, -90, -100)
(1, -90, -100)
(1, -90, -99)
(1, -90, -98)
(0, -89, -97)
(1, -89, -97)
(1, -89, -96)
(1, -89, -95)
(0, -88, -94)
(0, -88, -93)
(1, -89, -93)
(0, -89, -93)
(1, -90, -93)
(0, -90, -92)
(0, -90, -91)
(0, -90, -90)
(1, -91, -90)
(0, -91, -90)
(0, -91, -91)
(0, -91, -92)
(1, -92, -93)
(0, -92, -92)
(1, -93, -92)
(0, -93, -92)
(1, -94, -93)
(0, -94, -92)
(1, -95, -92)
(0, -95, -92)
(1, -96, -93)
(0, -96, -93)
(0, -96, -94)
(1, -97, -95)
(1, -97, -96)
(0, -97, -96)
(0, -97, -97)
(0, -97, -98)
(1, -97, -99)
(1, -97, -100)
(0, -97, -100)
(0, -97, -101)
(1, -98, -102)
(0, -98, -102)
(1, -99, -102)
(1, -99, -101)
(0, -99, -100)
(1, -100, -101)
(0, -100, -100)
(0, -100, -99)
(1, -100, -99)
(1, -100, -98)
(1, -100, -97)
(1, -100, -96)
(0, -99, -95)
(0, -99, -94)
(0, -99, -93)
(0, -99, -92)
(1, -99, -92)
(0, -98, -91)
(0, -98, -90)
(1, -99, -90)
(0, -99, -90)
(1, -100, -91)
(0, -100, -90)
(0, -100, -89)
(1, -100, -89)
(1, -100, -88)
(0, -99, -87)
(1, -99, -87)
(0, -98, -87)
(1, -98, -88)
(0, -97, -87)
(1, -97, -87)
(0, -96, -87)
(0, -96, -88)
(1, -97, -89)
(1, -97, -90)
(0, -96, -90)
(1, -96, -90)
(0, -95, -89)
(1, -95, -90)
(0, -94, -89)
(1, -94, -90)
(0, -93, -90)
(1, -93, -90)
(0, -92, -89)
(1, -92, -89)
(1, -92, -88)
(0, -91, -87)
(0, -91, -86)
(1, -91, -86)
(0, -90, -85)
(0, -90, -84)
(0, -90, -83)
(0, -90, -82)
(1, -90, -82)
(0, -89, -82)
(1, -89, -83)
(0, -88, -82)
(1, -88, -83)
(1, -88, -84)
(1, -88, -85)
(0, -87, -85)
(1, -87, -85)
(1, -87, -84)
(1, -87, -83)
(0, -86, -82)
(1, -86, -83)
(0, -85, -83)
(1, -85, -84)
(1, -85, -85)
(0, -84, -85)
(1, -84, -86)
(1, -84, -87)
(0, -83, -87)
(0, -83, -88)
(0, -83, -89)
(1, -84, -90)
(0, -84, -89)
(1, -85, -90)
(0, -85, -90)
(1, -86, -90)
(1, -86, -89)
(0, -86, -88)
(1, -87, -88)
(0, -87, -88)
(1, -88, -88)
(0, -88, -88)
(1, -89, -89)
(1, -89, -90)
(0, -88, -90)
(0, -88, -91)
(1, -88, -92)
(0, -87, -91)
(1, -87, -92)
(0, -86, -91)
(1, -86, -92)
(0, -85, -92)
(1, -85, -92)
(0, -84, -91)
(1, -84, -92)
(0, -83, -91)
(1, -83, -92)
(0, -82, -91)
(1, -82, -92)
(0, -81, -91)
(0, -81, -90)
(1, -82, -90)
(1, -82, -89)
(1, -82, -88)
(0, -81, -87)
(1, -81, -88)
(0, -80, -87)
(0, -80, -86)
(1, -80, -86)
(0, -79, -85)
(1, -79, -85)
(1, -79, -84)
(1, -79, -83)
(0, -78, -82)
(0, -78, -81)
(1, -78, -81)
(1, -78, -80)
(0, -77, -79)
(1, -77, -80)
(0, -76, -80)
(1, -76, -81)
(0, -75, -81)
(1, -75, -82)
(0, -74, -81)
(0, -74, -80)
(0, -74, -79)
(1, -74, -79)
(1, -74, -78)
(0, -74, -77)
(1, -75, -77)
(0, -75, -76)
(0, -75, -75)
(0, -75, -74)
(0, -75, -73)
(1, -75, -73)
(0, -74, -73)
(0, -74, -74)
(0, -74, -75)
(1, -74, -76)
(0, -73, -76)
(1, -73, -77)
(0, -72, -77)
(1, -72, -77)
(0, -71, -76)
(1, -71, -76)
(1, -71, -75)
(1, -71, -74)
(0, -70, -73)
(1, -70, -74)
(0, -69, -74)
(0, -69, -75)
(1, -69, -76)
(0, -68, -76)
(1, -68, -76)
(1, -68, -75)
(0, -68, -74)
(0, -68, -73)
(1, -68, -73)
(0, -67, -72)
(1, -67, -73)
(1, -67, -74)
(1, -67, -75)
(0, -66, -75)
(1, -66, -76)
(0, -65, -76)
(0, -65, -77)
(0, -65, -78)
(1, -66, -79)
(0, -66, -79)
(1, -67, -80)
(1, -67, -81)
(1, -67, -82)
(0, -66, -82)
(1, -66, -82)
(0, -65, -81)
(0, -65, -80)
(1, -65, -80)
(0, -64, -80)
(1, -64, -81)
(0, -63, -81)
(0, -63, -82)
(1, -63, -83)
(0, -62, -83)
(1, -62, -84)
(0, -61, -83)
(1, -61, -83)
(0, -60, -82)
(1, -60, -82)
(1, -60, -81)
(0, -60, -80)
(1, -61, -80)
(1, -61, -79)
(0, -60, -78)
(0, -60, -77)
(1, -60, -77)
(1, -60, -76)
(1, -60, -75)
(0, -59, -74)
(1, -59, -74)
(0, -58, -73)
(1, -58, -74)
(1, -58, -75)
(0, -58, -75)
(1, -59, -76)
(1, -59, -77)
(1, -59, -78)
(0, -58, -78)
(1, -58, -79)
(0, -57, -78)
(1, -57, -78)
(0, -56, -77)
(1, -56, -78)
(0, -55, -77)
(1, -55, -77)
(1, -55, -76)
(0, -54, -75)
(1, -54, -76)
(1, -54, -77)
(0, -53, -77)
(1, -53, -77)
(0, -52, -76)
(1, -52, -77)
(0, -51, -76)
(1, -51, -77)
(1, -51, -78)
(0, -50, -78)
(1, -50, -78)
(0, -49, -77)
(1, -49, -78)
(0, -48, -77)
(0, -48, -76)
(1, -48, -76)
(0, -47, -76)
(1, -47, -77)
(0, -46, -77)
(0, -46, -78)
(1, -46, -79)
(0, -45, -78)
(1, -45, -79)
(0, -44, -79)
(1, -44, -79)
(1, -44, -78)
(0, -43, -77)
(1, -43, -78)
(0, -42, -78)
(1, -42, -78)
(0, -41, -78)
(0, -41, -79)
(1, -42, -80)
(1, -42, -81)
(0, -42, -81)
(0, -42, -82)
(1, -43, -83)
(0, -43, -82)
(1, -44, -83)
(1, -44, -84)
(1, -44, -85)
(0, -44, -85)
(0, -44, -86)
(1, -45, -87)
(1, -45, -88)
(0, -44, -88)
(0, -44, -89)
(0, -44, -90)
(1, -44, -91)
(0, -43, -90)
(0, -43, -89)
(0, -43, -88)
(1, -43, -88)
(0, -42, -87)
(1, -42, -88)
(1, -42, -89)
(0, -42, -89)
(0, -42, -90)
(1, -42, -91)
(0, -41, -91)
(0, -41, -92)
(1, -42, -93)
(0, -42, -92)
(1, -43, -93)
(0, -43, -93)
(0, -43, -94)
(1, -44, -95)
(1, -44, -96)
(1, -44, -97)
(0, -43, -97)
(1, -43, -98)
(0, -42, -97)
(1, -42, -97)
(1, -42, -96)
(0, -41, -95)
(1, -41, -96)
(0, -40, -95)
(1, -40, -96)
(0, -39, -96)
(1, -39, -96)
(0, -38, -95)
(1, -38, -95)
(0, -37, -95)
(1, -37, -96)
(0, -36, -96)
(1, -36, -96)
(0, -35, -96)
(1, -35, -97)
(1, -35, -98)
(1, -35, -99)
(0, -35, -99)
(0, -35, -100)
(1, -36, -101)
(0, -36, -101)
(0, -36, -102)
(1, -36, -103)
(1, -36, -104)
(0, -35, -104)
(1, -35, -105)
(0, -34, -105)
(1, -34, -106)
(0, -33, -106)
(0, -33, -107)
(0, -33, -108)
(1, -33, -109)
(0, -32, -108)
(1, -32, -109)
(0, -31, -109)
(0, -31, -110)
(0, -31, -111)
(1, -31, -112)
(0, -30, -112)
(0, -30, -113)
(1, -30, -114)
(0, -29, -113)
(1, -29, -114)
(1, -29, -115)
(1, -29, -116)
(0, -28, -116)
(1, -28, -117)
(0, -27, -116)
(1, -27, -117)
(0, -26, -116)
(0, -26, -115)
(1, -26, -115)
(1, -26, -114)
(0, -25, -113)
(1, -25, -114)
(1, -25, -115)
(0, -24, -115)
(1, -24, -115)
(0, -23, -114)
(1, -23, -114)
(0, -22, -114)
(1, -22, -115)
(0, -21, -114)
(1, -21, -114)
(1, -21, -113)
(0, -21, -112)
(1, -22, -112)
(0, -22, -112)
(1, -23, -112)
(1, -23, -111)
(0, -23, -110)
(1, -24, -111)
(0, -24, -110)
(0, -24, -109)
(0, -24, -108)
(0, -24, -107)
(0, -24, -106)
(1, -25, -106)
(0, -25, -106)
(1, -26, -106)
(0, -26, -105)
(1, -27, -105)
(0, -27, -104)
(1, -28, -104)
(0, -28, -104)
(0, -28, -105)
(1, -28, -106)
(0, -27, -106)
(1, -27, -107)
(1, -27, -108)
(1, -27, -109)
(0, -26, -109)
(0, -26, -110)
(0, -26, -111)
(0, -26, -112)
(1, -27, -113)
(0, -27, -112)
(1, -28, -112)
(0, -28, -111)
(1, -29, -111)
(1, -29, -110)
(1, -29, -109)
(0, -29, -108)
(1, -30, -108)
(1, -30, -107)
(1, -30, -106)
(1, -30, -105)
(1, -30, -104)
(1, -30, -103)
(0, -29, -102)
(1, -29, -102)
(0, -28, -101)
(1, -28, -101)
(0, -27, -100)
(1, -27, -100)
(0, -26, -99)
(1, -26, -99)
(0, -25, -98)
(1, -25, -99)
(1, -25, -100)
(0, -25, -100)
(1, -26, -101)
(1, -26, -102)
(0, -26, -102)
(0, -26, -103)
(1, -26, -104)
(0, -25, -104)
(1, -25, -104)
(0, -24, -103)
(0, -24, -102)
(1, -24, -102)
(0, -23, -101)
(1, -23, -101)
(0, -22, -100)
(0, -22, -99)
(1, -23, -99)
(0, -23, -98)
(1, -24, -98)
(1, -24, -97)
(0, -24, -96)
(0, -24, -95)
(1, -24, -95)
(0, -23, -94)
(1, -23, -94)
(1, -23, -93)
(1, -23, -92)
(0, -23, -91)
(1, -24, -92)
(1, -24, -93)
(0, -24, -93)
(1, -25, -94)
(0, -25, -94)
(1, -26, -95)
(0, -26, -94)
(0, -26, -93)
(1, -27, -93)
(0, -27, -93)
(1, -28, -93)
(0, -28, -92)
(0, -28, -91)
(0, -28, -90)
(1, -29, -90)
(0, -29, -89)
(0, -29, -88)
(1, -29, -88)
(0, -28, -87)
(0, -28, -86)
(1, -29, -86)
(0, -29, -86)
(1, -30, -87)
(0, -30, -86)
(1, -31, -87)
(0, -31, -86)
(0, -31, -85)
(1, -31, -85)
(1, -31, -84)
(1, -31, -83)
(1, -31, -82)
(0, -30, -81)
(0, -30, -80)
(1, -31, -80)
(0, -31, -79)
(1, -32, -79)
(0, -32, -79)
(0, -32, -80)
(0, -32, -81)
(1, -33, -82)
(0, -33, -81)
(0, -33, -80)
(1, -34, -80)
(0, -34, -80)
(1, -35, -81)
(1, -35, -82)
(1, -35, -83)
(1, -35, -84)
(1, -35, -85)
(0, -35, -85)
(1, -36, -85)
(0, -36, -84)
(1, -37, -85)
(0, -37, -85)
(1, -38, -86)
(1, -38, -87)
(0, -38, -87)
(0, -38, -88)
(1, -39, -89)
(0, -39, -89)
(1, -40, -90)
(0, -40, -89)
(0, -40, -88)
(1, -41, -88)
(1, -41, -87)
(0, -41, -86)
(1, -42, -86)
(1, -42, -85)
(0, -41, -84)
(1, -41, -84)
(0, -40, -84)
(0, -40, -85)
(1, -40, -86)
(0, -39, -85)
(1, -39, -85)
(1, -39, -84)
(1, -39, -83)
(1, -39, -82)
(1, -39, -81)
(1, -39, -80)
(1, -39, -79)
(1, -39, -78)
(0, -38, -77)
(1, -38, -77)
(0, -37, -76)
(1, -37, -76)
(0, -36, -76)
(0, -36, -77)
(0, -36, -78)
(1, -36, -79)
(0, -35, -79)
(1, -35, -79)
(1, -35, -78)
(1, -35, -77)
(0, -34, -76)
(1, -34, -76)
(1, -34, -75)
(0, -33, -74)
(1, -33, -75)
(1, -33, -76)
(0, -32, -76)
(1, -32, -76)
(0, -31, -75)
(1, -31, -76)
(0, -30, -75)
(1, -30, -76)
(0, -29, -76)
(1, -29, -76)
(0, -28, -76)
(1, -28, -76)
(0, -27, -76)
(1, -27, -76)
(0, -26, -75)
(1, -26, -75)
(0, -25, -75)
(1, -25, -75)
(0, -24, -75)
(0, -24, -76)
(0, -24, -77)
(0, -24, -78)
(0, -24, -79)
(1, -25, -80)
(0, -25, -79)
(1, -26, -80)
(0, -26, -79)
(1, -27, -80)
(0, -27, -79)
(1, -28, -80)
(0, -28, -79)
(0, -28, -78)
(1, -29, -78)
(0, -29, -78)
(0, -29, -79)
(0, -29, -80)
(1, -29, -81)
(0, -28, -81)
(1, -28, -82)
(0, -27, -82)
(1, -27, -83)
(1, -27, -84)
(0, -26, -84)
(0, -26, -85)
(1, -27, -86)
(0, -27, -86)
(0, -27, -87)
(1, -27, -88)
(0, -26, -88)
(1, -26, -89)
(0, -25, -88)
(1, -25, -88)
(1, -25, -87)
(0, -24, -86)
(1, -24, -86)
(0, -23, -86)
(1, -23, -86)
(0, -22, -85)
(0, -22, -84)
(1, -22, -84)
(0, -21, -84)
(1, -21, -84)
(0, -20, -83)
(0, -20, -82)
(1, -21, -82)
(1, -21, -81)
(0, -21, -80)
(1, -22, -81)
(1, -22, -82)
(0, -22, -82)
(1, -23, -82)
(1, -23, -81)
(0, -23, -80)
(0, -23, -79)
(0, -23, -78)
(1, -23, -78)
(1, -23, -77)
(0, -23, -76)
(0, -23, -75)
(0, -23, -74)
(1, -24, -74)
(0, -24, -73)
(1, -25, -73)
(0, -25, -73)
(1, -26, -73)
(1, -26, -72)
(0, -25, -71)
(0, -25, -70)
(1, -26, -70)
(0, -26, -70)
(1, -27, -71)
(0, -27, -70)
(1, -28, -71)
(0, -28, -70)
(0, -28, -69)
(0, -28, -68)
(1, -29, -68)
(0, -29, -67)
(1, -30, -67)
(0, -30, -67)
(1, -31, -68)
(0, -31, -67)
(1, -32, -68)
(0, -32, -67)
(1, -33, -68)
(0, -33, -68)
(0, -33, -69)
(1, -33, -70)
(0, -32, -70)
(0, -32, -71)
(1, -33, -72)
(0, -33, -72)
(1, -34, -73)
(0, -34, -72)
(1, -35, -72)
(0, -35, -71)
(1, -36, -72)
(0, -36, -72)
(1, -37, -72)
(0, -37, -72)
(1, -38, -73)
(0, -38, -72)
(1, -39, -72)
(0, -39, -72)
(0, -39, -73)
(1, -39, -74)
(1, -39, -75)
(1, -39, -76)
(0, -39, -76)
(1, -40, -76)
(0, -40, -76)
(1, -41, -76)
(0, -41, -76)
(1, -42, -76)
(1, -42, -75)
(1, -42, -74)
(1, -42, -73)
(0, -42, -72)
(1, -43, -72)
(0, -43, -72)
(1, -44, -73)
(1, -44, -74)
(0, -44, -74)
(0, -44, -75)
(1, -45, -76)
(0, -45, -75)
(1, -46, -75)
(0, -46, -74)
(1, -47, -74)
(1, -47, -73)
(0, -47, -72)
(1, -48, -73)
(0, -48, -73)
(1, -49, -74)
(1, -49, -75)
(0, -49, -75)
(1, -50, -75)
(0, -50, -75)
(1, -51, -75)
(0, -51, -74)
(1, -52, -74)
(0, -52, -74)
(1, -53, -74)
(0, -53, -73)
(0, -53, -72)
(1, -54, -72)
(1, -54, -71)
(1, -54, -70)
(1, -54, -69)
(1, -54, -68)
(1, -54, -67)
(0, -53, -66)
(0, -53, -65)
(1, -53, -65)
(0, -52, -65)
(0, -52, -66)
(1, -52, -67)
(0, -51, -66)
(1, -51, -66)
(0, -50, -66)
(1, -50, -66)
(0, -49, -65)
(0, -49, -64)
(1, -50, -64)
(0, -50, -63)
(1, -51, -64)
(0, -51, -63)
(0, -51, -62)
(1, -52, -62)
(0, -52, -62)
(1, -53, -62)
(0, -53, -61)
(1, -54, -61)
(0, -54, -60)
(0, -54, -59)
(0, -54, -58)
(0, -54, -57)
(1, -55, -57)
(1, -55, -56)
(0, -54, -55)
(0, -54, -54)
(1, -54, -54)
(1, -54, -53)
(0, -54, -52)
(1, -55, -53)
(0, -55, -52)
(0, -55, -51)
(0, -55, -50)
(0, -55, -49)
(1, -56, -49)
(0, -56, -48)
(1, -57, -49)
(1, -57, -50)
(1, -57, -51)
(0, -56, -51)
(0, -56, -52)
(1, -57, -53)
(0, -57, -53)
(0, -57, -54)
(1, -58, -55)
(0, -58, -54)
(1, -59, -55)
(0, -59, -55)
(1, -60, -55)
(0, -60, -55)
(0, -60, -56)
(1, -61, -57)
(0, -61, -57)
(1, -62, -57)
(0, -62, -57)
(1, -63, -57)
(0, -63, -56)
(0, -63, -55)
(1, -64, -55)
(0, -64, -54)
(1, -65, -54)
(0, -65, -53)
(0, -65, -52)
(1, -66, -52)
(0, -66, -52)
(0, -66, -53)
(0, -66, -54)
(0, -66, -55)
(1, -66, -56)
(0, -65, -55)
(1, -65, -56)
(0, -64, -56)
(0, -64, -57)
(0, -64, -58)
(0, -64, -59)
(1, -65, -60)
(0, -65, -60)
(1, -66, -60)
(1, -66, -59)
(1, -66, -58)
(0, -66, -57)
(1, -67, -58)
(1, -67, -59)
(1, -67, -60)
(0, -67, -60)
(1, -68, -61)
(0, -68, -60)
(1, -69, -60)
(0, -69, -60)
(0, -69, -61)
(1, -69, -62)
(1, -69, -63)
(0, -69, -63)
(0, -69, -64)
(0, -69, -65)
(1, -70, -66)
(0, -70, -65)
(0, -70, -64)
(1, -71, -64)
(0, -71, -64)
(1, -72, -64)
(1, -72, -63)
(0, -71, -62)
(1, -71, -62)
(0, -70, -61)
(0, -70, -60)
(0, -70, -59)
(1, -71, -59)
(0, -71, -58)
(0, -71, -57)
(1, -72, -57)
(0, -72, -56)
(0, -72, -55)
(1, -73, -55)
(0, -73, -55)
(1, -74, -56)
(0, -74, -55)
(1, -75, -56)
(1, -75, -57)
(1, -75, -58)
(1, -75, -59)
(0, -74, -59)
(0, -74, -60)
(1, -75, -61)
(0, -75, -60)
(1, -76, -61)
(0, -76, -60)
(0, -76, -59)
(1, -77, -59)
(0, -77, -59)
(1, -78, -59)
(0, -78, -59)
(0, -78, -60)
(0, -78, -61)
(1, -78, -62)
(0, -77, -61)
(1, -77, -62)
(1, -77, -63)
(0, -76, -63)
(1, -76, -64)
(0, -75, -64)
(1, -75, -65)
(0, -74, -64)
(0, -74, -63)
(1, -74, -63)
(0, -73, -62)
(1, -73, -63)
(1, -73, -64)
(1, -73, -65)
(0, -72, -65)
(1, -72, -66)
(0, -71, -66)
(1, -71, -67)
(0, -70, -67)
(0, -70, -68)
(1, -70, -69)
(0, -69, -68)
(1, -69, -69)
(0, -68, -68)
(1, -68, -68)
(1, -68, -67)
(0, -67, -66)
(1, -67, -66)
(0, -66, -66)
(0, -66, -67)
(0, -66, -68)
(0, -66, -69)
(1, -66, -70)
(1, -66, -71)
(0, -66, -71)
(1, -67, -71)
(0, -67, -70)
(1, -68, -71)
(0, -68, -70)
(1, -69, -71)
(0, -69, -70)
(1, -70, -71)
(0, -70, -70)
(1, -71, -71)
(1, -71, -72)
(0, -71, -72)
(1, -72, -73)
(0, -72, -73)
(1, -73, -73)
(0, -73, -72)
(0, -73, -71)
(0, -73, -70)
(1, -73, -70)
(0, -72, -70)
(1, -72, -70)
(1, -72, -69)
(0, -72, -68)
(1, -73, -68)
(0, -73, -68)
(1, -74, -69)
(0, -74, -69)
(1, -75, -70)
(0, -75, -70)
(0, -75, -71)
(1, -76, -72)
(0, -76, -71)
(1, -77, -72)
(1, -77, -73)
(1, -77, -74)
(0, -77, -74)
(1, -78, -74)
(0, -78, -73)
(1, -79, -73)
(0, -79, -72)
(1, -80, -72)
(0, -80, -71)
(0, -80, -70)
(1, -80, -70)
(0, -79, -70)
(1, -79, -70)
(0, -78, -69)
(1, -78, -70)
(0, -77, -69)
(0, -77, -68)
(1, -77, -68)
(0, -76, -67)
(1, -76, -67)
(1, -76, -66)
(0, -76, -65)
(1, -77, -66)
(0, -77, -65)
(1, -78, -66)
(0, -78, -66)
(0, -78, -67)
(1, -79, -68)
(0, -79, -67)
(1, -80, -68)
(0, -80, -68)
(1, -81, -68)
(0, -81, -68)
(1, -82, -68)
(0, -82, -68)
(1, -83, -69)
(1, -83, -70)
(1, -83, -71)
(1, -83, -72)
(0, -82, -72)
(1, -82, -72)
(0, -81, -72)
(0, -81, -73)
(0, -81, -74)
(1, -81, -75)
(1, -81, -76)
(1, -81, -77)
(0, -81, -77)
(0, -81, -78)
(1, -82, -79)
(0, -82, -79)
(0, -82, -80)
(0, -82, -81)
(1, -83, -82)
(0, -83, -81)
(0, -83, -80)
(1, -84, -80)
(0, -84, -80)
(1, -85, -81)
(0, -85, -81)
(1, -86, -81)
(0, -86, -80)
(1, -87, -81)
(0, -87, -80)
(0, -87, -79)
(1, -87, -79)
(1, -87, -78)
(0, -87, -77)
(0, -87, -76)
(0, -87, -75)
(1, -88, -75)
(0, -88, -74)
(1, -89, -74)
(0, -89, -74)
(1, -90, -74)
(0, -90, -74)
(1, -91, -75)
(0, -91, -75)
(0, -91, -76)
(1, -91, -77)
(1, -91, -78)
(0, -91, -78)
(1, -92, -79)
(1, -92, -80)
(0, -91, -80)
(0, -91, -81)
(0, -91, -82)
(0, -91, -83)
(0, -91, -84)
(1, -92, -85)
(0, -92, -85)
(0, -92, -86)
(1, -93, -87)
(0, -93, -86)
(1, -94, -87)
(0, -94, -87)
(1, -95, -88)
(0, -95, -87)
(0, -95, -86)
(1, -96, -86)
(1, -96, -85)
(0, -96, -84)
(0, -96, -83)
(1, -96, -83)
(0, -95, -82)
(0, -95, -81)
(0, -95, -80)
(0, -95, -79)
(0, -95, -78)
(1, -96, -78)
(1, -96, -77)
(1, -96, -76)
(0, -96, -75)
(0, -96, -74)
(1, -97, -74)
(0, -97, -74)
(1, -98, -75)
(1, -98, -76)
(1, -98, -77)
(0, -98, -77)
(0, -98, -78)
(1, -99, -79)
(1, -99, -80)
(0, -99, -80)
(1, -100, -81)
(0, -100, -80)
(0, -100, -79)
(1, -100, -79)
(1, -100, -78)
(0, -100, -77)
(0, -100, -76)
(1, -100, -76)
(0, -99, -76)
(1, -99, -76)
(1, -99, -75)
(0, -99, -74)
(1, -100, -74)
(1, -100, -73)
(0, -100, -72)
(0, -100, -71)
(0, -100, -70)
(0, -100, -69)
(0, -100, -68)
(0, -100, -67)
(0, -100, -66)
(1, -100, -66)
(1, -100, -65)
(1, -100, -64)
(0, -100, -63)
(0, -100, -62)
(1, -100, -62)
(1, -100, -61)
(1, -100, -60)
(0, -100, -59)
(0, -100, -58)
(1, -100, -58)
(1, -100, -57)
(1, -100, -56)
(1, -100, -55)
(1, -100, -54)
(0, -99, -53)
(1, -99, -54)
(0, -98, -54)
(0, -98, -55)
(1, -98, -56)
(1, -98, -57)
(1, -98, -58)
(0, -97, -58)
(0, -97, -59)
(1, -98, -60)
(0, -98, -60)
(1, -99, -61)
(1, -99, -62)
(0, -98, -62)
(0, -98, -63)
(1, -98, -64)
(0, -97, -64)
(1, -97, -64)
(1, -97, -63)
(0, -97, -62)
(0, -97, -61)
(1, -97, -61)
(0, -96, -61)
(1, -96, -61)
(0, -95, -61)
(1, -95, -62)
(0, -94, -61)
(1, -94, -62)
(1, -94, -63)
(0, -93, -63)
(1, -93, -64)
(0, -92, -64)
(1, -92, -65)
(0, -91, -64)
(1, -91, -65)
(0, -90, -65)
(1, -90, -65)
(0, -89, -65)
(0, -89, -66)
(0, -89, -67)
(1, -89, -68)
(0, -88, -67)
(0, -88, -66)
(0, -88, -65)
(0, -88, -64)
(1, -89, -64)
(1, -89, -63)
(1, -89, -62)
(0, -88, -61)
(1, -88, -62)
(0, -87, -61)
(0, -87, -60)
(1, -87, -60)
(0, -86, -60)
(1, -86, -61)
(0, -85, -61)
(1, -85, -62)
(0, -84, -62)
(0, -84, -63)
(1, -85, -64)
(0, -85, -63)
(1, -86, -64)
(0, -86, -64)
(1, -87, -64)
(0, -87, -64)
(0, -87, -65)
(0, -87, -66)
(1, -87, -67)
(0, -86, -67)
(0, -86, -68)
(1, -86, -69)
(0, -85, -69)
(0, -85, -70)
(0, -85, -71)
(1, -86, -72)
(0, -86, -71)
(1, -87, -71)
(0, -87, -71)
(0, -87, -72)
(0, -87, -73)
(1, -87, -74)
(0, -86, -73)
(1, -86, -74)
(1, -86, -75)
(0, -85, -75)
(0, -85, -76)
(1, -85, -77)
(0, -84, -76)
(1, -84, -76)
(0, -83, -76)
(1, -83, -77)
(0, -82, -76)
(0, -82, -75)
(1, -83, -75)
(1, -83, -74)
(0, -83, -73)
(1, -84, -74)
(0, -84, -74)
(1, -85, -74)
(1, -85, -73)
(0, -84, -72)
(1, -84, -72)
(1, -84, -71)
(0, -84, -70)
(0, -84, -69)
(0, -84, -68)
(0, -84, -67)
(1, -84, -67)
(0, -83, -66)
(1, -83, -66)
(0, -82, -66)
(1, -82, -66)
(1, -82, -65)
(0, -82, -64)
(1, -83, -64)
(1, -83, -63)
(0, -82, -62)
(1, -82, -63)
(0, -81, -62)
(1, -81, -63)
(0, -80, -62)
(0, -80, -61)
(0, -80, -60)
(1, -81, -60)
(0, -81, -59)
(0, -81, -58)
(1, -82, -58)
(1, -82, -57)
(1, -82, -56)
(1, -82, -55)
(0, -81, -54)
(0, -81, -53)
(0, -81, -52)
(0, -81, -51)
(0, -81, -50)
(1, -81, -50)
(1, -81, -49)
(1, -81, -48)
(1, -81, -47)
(0, -80, -46)
(0, -80, -45)
(1, -81, -45)
(0, -81, -45)
(1, -82, -45)
(0, -82, -44)
(1, -83, -44)
(0, -83, -44)
(1, -84, -45)
(0, -84, -44)
(1, -85, -44)
(1, -85, -43)
(0, -85, -42)
(0, -85, -41)
(1, -85, -41)
(1, -85, -40)
(0, -85, -39)
(0, -85, -38)
(1, -86, -38)
(1, -86, -37)
(0, -85, -36)
(1, -85, -36)
(1, -85, -35)
(0, -84, -34)
(0, -84, -33)
(0, -84, -32)
(0, -84, -31)
(0, -84, -30)
(1, -85, -30)
(0, -85, -29)
(0, -85, -28)
(1, -86, -28)
(1, -86, -27)
(0, -85, -26)
(1, -85, -27)
(0, -84, -27)
(1, -84, -27)
(1, -84, -26)
(1, -84, -25)
(0, -84, -24)
(1, -85, -24)
(1, -85, -23)
(0, -85, -22)
(0, -85, -21)
(0, -85, -20)
(1, -86, -20)
(0, -86, -20)
(1, -87, -20)
(0, -87, -20)
(1, -88, -21)
(0, -88, -21)
(0, -88, -22)
(0, -88, -23)
(1, -88, -24)
(1, -88, -25)
(0, -88, -25)
(1, -89, -26)
(0, -89, -26)
(1, -90, -26)
(0, -90, -26)
(1, -91, -26)
(0, -91, -26)
(1, -92, -27)
(1, -92, -28)
(0, -91, -28)
(1, -91, -29)
(0, -90, -29)
(0, -90, -30)
(1, -91, -31)
(0, -91, -31)
(1, -92, -32)
(1, -92, -33)
(1, -92, -34)
(1, -92, -35)
(0, -92, -35)
(1, -93, -36)
(1, -93, -37)
(1, -93, -38)
(0, -92, -38)
(1, -92, -38)
(1, -92, -37)
(0, -91, -36)
(1, -91, -36)
(0, -90, -36)
(0, -90, -37)
(0, -90, -38)
(1, -91, -39)
(1, -91, -40)
(1, -91, -41)
(1, -91, -42)
(1, -91, -43)
(0, -90, -43)
(1, -90, -44)
(0, -89, -44)
(1, -89, -45)
(1, -89, -46)
(0, -89, -46)
(1, -90, -46)
(0, -90, -45)
(1, -91, -45)
(0, -91, -45)
(1, -92, -45)
(0, -92, -45)
(1, -93, -45)
(0, -93, -45)
(0, -93, -46)
(1, -94, -47)
(0, -94, -46)
(1, -95, -47)
(0, -95, -46)
(1, -96, -47)
(0, -96, -47)
(1, -97, -47)
(0, -97, -47)
(1, -98, -48)
(0, -98, -48)
(1, -99, -48)
(0, -99, -47)
(1, -100, -47)
(0, -100, -46)
(0, -100, -45)
(0, -100, -44)
(0, -100, -43)
(0, -100, -42)
(1, -100, -42)
(0, -99, -42)
(0, -99, -43)
(0, -99, -44)
(1, -99, -45)
(1, -99, -46)
(0, -98, -46)
(1, -98, -46)
(0, -97, -45)
(0, -97, -44)
(0, -97, -43)
(1, -97, -43)
(0, -96, -43)
(1, -96, -43)
(1, -96, -42)
(0, -96, -41)
(0, -96, -40)
(1, -96, -40)
(0, -95, -40)
(1, -95, -41)
(0, -94, -40)
(0, -94, -39)
(1, -95, -39)
(0, -95, -38)
(1, -96, -38)
(0, -96, -37)
(0, -96, -36)
(1, -96, -36)
(0, -95, -35)
(0, -95, -34)
(1, -95, -34)
(0, -94, -33)
(0, -94, -32)
(1, -94, -32)
(1, -94, -31)
(0, -93, -30)
(1, -93, -31)
(0, -92, -30)
(0, -92, -29)
(1, -93, -29)
(0, -93, -28)
(1, -94, -28)
(0, -94, -28)
(1, -95, -28)
(0, -95, -28)
(1, -96, -28)
(1, -96, -27)
(1, -96, -26)
(1, -96, -25)
(1, -96, -24)
(1, -96, -23)
(0, -96, -22)
(1, -97, -23)
(0, -97, -22)
(1, -98, -23)
(0, -98, -23)
(1, -99, -24)
(0, -99, -24)
(1, -100, -25)
(0, -100, -24)
(0, -100, -23)
(0, -100, -22)
(0, -100, -21)
(0, -100, -20)
(0, -100, -19)
(0, -100, -18)
(1, -100, -18)
(0, -99, -17)
(1, -99, -17)
(0, -98, -17)
(1, -98, -18)
(0, -97, -18)
(1, -97, -19)
(0, -96, -19)
(0, -96, -20)
(1, -96, -21)
(0, -95, -21)
(1, -95, -22)
(0, -94, -22)
(0, -94, -23)
(1, -94, -24)
(0, -93, -24)
(1, -93, -25)
(0, -92, -25)
(1, -92, -25)
(0, -91, -24)
(0, -91, -23)
(1, -91, -23)
(1, -91, -22)
(0, -91, -21)
(1, -92, -21)
(1, -92, -20)
(0, -92, -19)
(1, -93, -20)
(0, -93, -19)
(1, -94, -20)
(0, -94, -19)
(1, -95, -19)
(1, -95, -18)
(0, -95, -17)
(1, -96, -17)
(1, -96, -16)
(0, -96, -15)
(0, -96, -14)
(0, -96, -13)
(0, -96, -12)
(1, -96, -12)
(0, -95, -12)
(0, -95, -13)
(1, -95, -14)
(1, -95, -15)
(1, -95, -16)
(0, -94, -16)
(1, -94, -16)
(0, -93, -15)
(0, -93, -14)
(0, -93, -13)
(1, -94, -13)
(1, -94, -12)
(0, -93, -11)
(0, -93, -10)
(0, -93, -9)
(1, -93, -9)
(1, -93, -8)
(0, -93, -7)
(0, -93, -6)
(0, -93, -5)
(1, -94, -5)
(0, -94, -5)
(0, -94, -6)
(0, -94, -7)
(1, -95, -8)
(1, -95, -9)
(0, -94, -9)
(0, -94, -10)
(1, -95, -11)
(0, -95, -10)
(1, -96, -10)
(0, -96, -10)
(1, -97, -11)
(0, -97, -10)
(1, -98, -11)
(1, -98, -12)
(0, -98, -12)
(1, -99, -13)
(0, -99, -12)
(1, -100, -13)
(0, -100, -12)
(0, -100, -11)
(0, -100, -10)
(1, -100, -10)
(1, -100, -9)
(1, -100, -8)
(0, -100, -7)
(0, -100, -6)
(0, -100, -5)
(0, -100, -4)
(1, -100, -4)
(0, -99, -3)
(1, -99, -3)
(0, -98, -3)
(0, -98, -4)
(1, -98, -5)
(1, -98, -6)
(1, -98, -7)
(0, -97, -7)
(0, -97, -8)
(1, -97, -9)
(0, -96, -8)
(0, -96, -7)
(0, -96, -6)
(1, -96, -6)
(1, -96, -5)
(0, -95, -4)
(1, -95, -4)
(0, -94, -3)
(1, -94, -3)
(1, -94, -2)
(0, -93, -1)
(1, -93, -2)
(0, -92, -2)
(1, -92, -3)
(0, -91, -3)
(1, -91, -4)
(0, -90, -3)
(1, -90, -3)
(0, -89, -3)
(1, -89, -3)
(0, -88, -2)
(0, -88, -1)
(0, -88, 0)
(0, -88, 1)
(0, -88, 2)
(1, -88, 2)
(0, -87, 2)
(1, -87, 2)
(0, -86, 2)
(1, -86, 2)
(0, -85, 3)
(1, -85, 3)
(0, -84, 3)
(1, -84, 2)
(0, -83, 3)
(1, -83, 3)
(1, -83, 4)
(0, -82, 5)
(1, -82, 4)
(0, -81, 5)
(1, -81, 5)
(1, -81, 6)
(0, -81, 7)
(1, -82, 7)
(0, -82, 7)
(1, -83, 6)
(0, -83, 7)
(0, -83, 8)
(1, -83, 8)
(1, -83, 9)
(1, -83, 10)
(0, -82, 11)
(0, -82, 12)
(0, -82, 13)
(1, -83, 13)
(0, -83, 13)
(1, -84, 13)
(1, -84, 14)
(1, -84, 15)
(0, -83, 16)
(1, -83, 15)
(0, -82, 15)
(1, -82, 14)
(0, -81, 15)
(1, -81, 15)
(0, -80, 16)
(0, -80, 17)
(0, -80, 18)
(1, -80, 18)
(1, -80, 19)
(0, -79, 20)
(1, -79, 19)
(0, -78, 20)
(1, -78, 19)
(0, -77, 19)
(1, -77, 18)
(0, -76, 18)
(0, -76, 17)
(1, -77, 16)
(0, -77, 16)
(1, -78, 16)
(0, -78, 16)
(1, -79, 16)
(0, -79, 16)
(0, -79, 15)
(0, -79, 14)
(1, -79, 13)
(0, -78, 13)
(1, -78, 13)
(0, -77, 13)
(1, -77, 12)
(1, -77, 11)
(0, -77, 11)
(1, -78, 10)
(1, -78, 9)
(0, -78, 9)
(0, -78, 8)
(1, -78, 7)
(0, -77, 7)
(0, -77, 6)
(1, -77, 5)
(0, -76, 5)
(1, -76, 4)
(0, -75, 5)
(0, -75, 6)
(1, -75, 6)
(1, -75, 7)
(0, -75, 8)
(0, -75, 9)
(1, -76, 9)
(1, -76, 10)
(1, -76, 11)
(1, -76, 12)
(0, -75, 13)
(1, -75, 13)
(0, -74, 14)
(1, -74, 14)
(1, -74, 15)
(0, -74, 16)
(0, -74, 17)
(0, -74, 18)
(1, -74, 18)
(0, -73, 19)
(1, -73, 18)
(1, -73, 17)
(0, -72, 17)
(0, -72, 16)
(1, -72, 15)
(0, -71, 16)
(1, -71, 15)
(0, -70, 16)
(1, -70, 15)
(0, -69, 16)
(1, -69, 15)
(1, -69, 14)
(1, -69, 13)
(0, -68, 13)
(1, -68, 13)
(0, -67, 13)
(0, -67, 12)
(1, -68, 11)
(0, -68, 11)
(0, -68, 10)
(1, -69, 9)
(0, -69, 9)
(1, -70, 8)
(0, -70, 8)
(1, -71, 8)
(0, -71, 9)
(0, -71, 10)
(1, -71, 10)
(0, -70, 11)
(1, -70, 11)
(1, -70, 12)
(0, -70, 13)
(1, -71, 12)
(0, -71, 13)
(1, -72, 12)
(0, -72, 13)
(1, -73, 12)
(1, -73, 11)
(1, -73, 10)
(0, -72, 10)
(0, -72, 9)
(1, -73, 8)
(1, -73, 7)
(0, -72, 7)
(0, -72, 6)
(1, -73, 5)
(0, -73, 5)
(1, -74, 4)
(1, -74, 3)
(0, -74, 3)
(1, -75, 2)
(0, -75, 3)
(1, -76, 2)
(0, -76, 3)
(1, -77, 2)
(0, -77, 3)
(1, -78, 2)
(0, -78, 2)
(1, -79, 2)
(1, -79, 3)
(1, -79, 4)
(1, -79, 5)
(0, -79, 6)
(1, -80, 5)
(1, -80, 4)
(0, -80, 4)
(1, -81, 3)
(1, -81, 2)
(0, -80, 2)
(0, -80, 1)
(1, -80, 0)
(1, -80, -1)
(1, -80, -2)
(1, -80, -3)
(0, -79, -3)
(0, -79, -4)
(1, -80, -5)
(0, -80, -5)
(0, -80, -6)
(0, -80, -7)
(0, -80, -8)
(0, -80, -9)
(0, -80, -10)
(1, -81, -11)
(0, -81, -10)
(1, -82, -10)
(0, -82, -10)
(1, -83, -10)
(0, -83, -10)
(1, -84, -10)
(0, -84, -10)
(1, -85, -11)
(1, -85, -12)
(1, -85, -13)
(0, -85, -13)
(1, -86, -14)
(1, -86, -15)
(1, -86, -16)
(0, -85, -16)
(0, -85, -17)
(1, -85, -18)
(0, -84, -17)
(1, -84, -17)
(0, -83, -17)
(1, -83, -18)
(1, -83, -19)
(0, -82, -19)
(1, -82, -20)
(0, -81, -20)
(1, -81, -20)
(0, -80, -20)
(1, -80, -21)
(0, -79, -21)
(1, -79, -22)
(1, -79, -23)
(1, -79, -24)
(1, -79, -25)
(0, -78, -25)
(1, -78, -25)
(1, -78, -24)
(0, -77, -23)
(0, -77, -22)
(1, -77, -22)
(1, -77, -21)
(0, -76, -20)
(1, -76, -21)
(0, -75, -21)
(1, -75, -21)
(0, -74, -21)
(0, -74, -22)
(1, -74, -23)
(1, -74, -24)
(1, -74, -25)
(0, -74, -25)
(1, -75, -26)
(0, -75, -25)
(1, -76, -25)
(0, -76, -24)
(1, -77, -25)
(1, -77, -26)
(0, -76, -26)
(0, -76, -27)
(1, -77, -28)
(1, -77, -29)
(0, -77, -29)
(0, -77, -30)
(1, -78, -31)
(0, -78, -30)
(0, -78, -29)
(1, -79, -29)
(0, -79, -29)
(1, -80, -29)
(0, -80, -29)
(1, -81, -30)
(0, -81, -30)
(0, -81, -31)
(1, -81, -32)
(0, -80, -32)
(0, -80, -33)
(1, -80, -34)
(0, -79, -34)
(0, -79, -35)
(0, -79, -36)
(1, -80, -37)
(0, -80, -36)
(1, -81, -37)
(0, -81, -37)
(1, -82, -38)
(0, -82, -38)
(1, -83, -39)
(1, -83, -40)
(0, -82, -40)
(0, -82, -41)
(1, -82, -42)
(1, -82, -43)
(0, -81, -43)
(1, -81, -43)
(1, -81, -42)
(1, -81, -41)
(0, -80, -40)
(1, -80, -40)
(0, -79, -39)
(1, -79, -39)
(0, -78, -39)
(0, -78, -40)
(0, -78, -41)
(0, -78, -42)
(0, -78, -43)
(0, -78, -44)
(1, -78, -45)
(1, -78, -46)
(1, -78, -47)
(1, -78, -48)
(0, -78, -48)
(1, -79, -49)
(1, -79, -50)
(0, -78, -50)
(1, -78, -50)
(0, -77, -49)
(1, -77, -49)
(1, -77, -48)
(1, -77, -47)
(0, -76, -46)
(1, -76, -47)
(0, -75, -47)
(0, -75, -48)
(0, -75, -49)
(1, -76, -50)
(0, -76, -50)
(0, -76, -51)
(1, -76, -52)
(0, -75, -52)
(1, -75, -53)
(0, -74, -53)
(1, -74, -53)
(0, -73, -52)
(1, -73, -53)
(0, -72, -52)
(1, -72, -53)
(0, -71, -52)
(1, -71, -53)
(0, -70, -52)
(1, -70, -52)
(0, -69, -52)
(1, -69, -53)
(0, -68, -53)
(1, -68, -53)
(0, -67, -52)
(0, -67, -51)
(1, -68, -51)
(0, -68, -50)
(0, -68, -49)
(1, -69, -49)
(0, -69, -48)
(0, -69, -47)
(0, -69, -46)
(1, -69, -46)
(0, -68, -46)
(0, -68, -47)
(1, -68, -48)
(0, -67, -48)
(1, -67, -48)
(0, -66, -48)
(1, -66, -48)
(0, -65, -48)
(0, -65, -49)
(1, -65, -50)
(0, -64, -50)
(0, -64, -51)
(0, -64, -52)
(1, -64, -53)
(0, -63, -52)
(1, -63, -52)
(1, -63, -51)
(0, -62, -50)
(0, -62, -49)
(0, -62, -48)
(1, -63, -48)
(0, -63, -47)
(1, -64, -47)
(1, -64, -46)
(0, -63, -45)
(1, -63, -46)
(0, -62, -45)
(1, -62, -45)
(0, -61, -44)
(1, -61, -45)
(0, -60, -44)
(1, -60, -44)
(1, -60, -43)
(0, -59, -42)
(1, -59, -42)
(0, -58, -42)
(1, -58, -42)
(0, -57, -41)
(0, -57, -40)
(1, -57, -40)
(0, -56, -40)
(1, -56, -41)
(1, -56, -42)
(1, -56, -43)
(0, -56, -43)
(0, -56, -44)
(0, -56, -45)
(1, -56, -46)
(0, -55, -46)
(1, -55, -47)
(0, -54, -46)
(0, -54, -45)
(1, -54, -45)
(0, -53, -45)
(0, -53, -46)
(1, -53, -47)
(0, -52, -47)
(0, -52, -48)
(1, -53, -49)
(0, -53, -49)
(0, -53, -50)
(1, -53, -51)
(0, -52, -50)
(1, -52, -50)
(0, -51, -49)
(1, -51, -49)
(0, -50, -48)
(1, -50, -48)
(0, -49, -47)
(1, -49, -48)
(1, -49, -49)
(0, -48, -49)
(1, -48, -49)
(0, -47, -48)
(1, -47, -48)
(0, -46, -48)
(1, -46, -49)
(0, -45, -48)
(0, -45, -47)
(1, -46, -47)
(1, -46, -46)
(1, -46, -45)
(1, -46, -44)
(0, -45, -43)
(1, -45, -44)
(0, -44, -43)
(0, -44, -42)
(1, -44, -42)
(0, -43, -41)
(1, -43, -41)
(0, -42, -41)
(0, -42, -42)
(1, -43, -43)
(1, -43, -44)
(0, -43, -44)
(1, -44, -45)
(0, -44, -45)
(0, -44, -46)
(0, -44, -47)
(0, -44, -48)
(0, -44, -49)
(0, -44, -50)
(1, -44, -51)
(1, -44, -52)
(0, -43, -52)
(1, -43, -53)
(0, -42, -52)
(1, -42, -52)
(0, -41, -51)
(1, -41, -51)
(1, -41, -50)
(1, -41, -49)
(1, -41, -48)
(0, -40, -47)
(0, -40, -46)
(1, -40, -46)
(1, -40, -45)
(1, -40, -44)
(0, -40, -43)
(0, -40, -42)
(0, -40, -41)
(0, -40, -40)
(1, -41, -40)
(0, -41, -40)
(1, -42, -40)
(0, -42, -39)
(0, -42, -38)
(1, -42, -38)
(0, -41, -37)
(1, -41, -37)
(0, -40, -37)
(0, -40, -38)
(1, -40, -39)
(0, -39, -38)
(1, -39, -38)
(1, -39, -37)
(0, -38, -36)
(1, -38, -37)
(0, -37, -36)
(1, -37, -37)
(1, -37, -38)
(1, -37, -39)
(0, -36, -39)
(0, -36, -40)
(1, -37, -41)
(0, -37, -40)
(1, -38, -41)
(0, -38, -41)
(0, -38, -42)
(0, -38, -43)
(1, -38, -44)
(1, -38, -45)
(0, -38, -45)
(0, -38, -46)
(0, -38, -47)
(1, -39, -48)
(1, -39, -49)
(1, -39, -50)
(0, -39, -50)
(1, -40, -51)
(1, -40, -52)
(0, -39, -52)
(1, -39, -53)
(0, -38, -53)
(1, -38, -54)
(0, -37, -54)
(1, -37, -55)
(0, -36, -54)
(1, -36, -55)
(0, -35, -54)
(1, -35, -54)
(0, -34, -53)
(1, -34, -54)
(1, -34, -55)
(1, -34, -56)
(0, -34, -56)
(0, -34, -57)
(1, -34, -58)
(0, -33, -57)
(1, -33, -58)
(1, -33, -59)
(0, -32, -59)
(1, -32, -60)
(0, -31, -60)
(1, -31, -61)
(0, -30, -60)
(0, -30, -59)
(1, -30, -59)
(0, -29, -59)
(1, -29, -60)
(0, -28, -59)
(1, -28, -60)
(0, -27, -59)
(1, -27, -59)
(1, -27, -58)
(0, -27, -57)
(0, -27, -56)
(1, -27, -56)
(1, -27, -55)
(0, -26, -54)
(1, -26, -55)
(0, -25, -55)
(1, -25, -56)
(0, -24, -56)
(0, -24, -57)
(0, -24, -58)
(1, -24, -59)
(1, -24, -60)
(0, -24, -60)
(1, -25, -61)
(0, -25, -60)
(1, -26, -61)
(0, -26, -60)
(1, -27, -61)
(1, -27, -62)
(0, -27, -62)
(1, -28, -63)
(0, -28, -63)
(1, -29, -63)
(1, -29, -62)
(0, -29, -61)
(1, -30, -62)
(1, -30, -63)
(0, -30, -63)
(0, -30, -64)
(1, -30, -65)
(0, -29, -65)
(1, -29, -66)
(0, -28, -65)
(1, -28, -66)
(0, -27, -65)
(1, -27, -65)
(0, -26, -64)
(1, -26, -65)
(1, -26, -66)
(0, -26, -66)
(1, -27, -67)
(1, -27, -68)
(0, -26, -68)
(1, -26, -68)
(0, -25, -68)
(1, -25, -69)
(0, -24, -69)
(0, -24, -70)
(0, -24, -71)
(1, -24, -72)
(0, -23, -72)
(1, -23, -72)
(0, -22, -71)
(0, -22, -70)
(0, -22, -69)
(0, -22, -68)
(1, -22, -68)
(1, -22, -67)
(1, -22, -66)
(1, -22, -65)
(1, -22, -64)
(1, -22, -63)
(0, -21, -62)
(1, -21, -62)
(0, -20, -62)
(1, -20, -63)
(0, -19, -63)
(1, -19, -63)
(0, -18, -62)
(0, -18, -61)
(1, -18, -61)
(1, -18, -60)
(0, -17, -59)
(1, -17, -59)
(0, -16, -59)
(1, -16, -60)
(1, -16, -61)
(0, -16, -61)
(0, -16, -62)
(0, -16, -63)
(0, -16, -64)
(0, -16, -65)
(1, -16, -66)
(0, -15, -66)
(0, -15, -67)
(1, -16, -68)
(0, -16, -67)
(1, -17, -67)
(0, -17, -67)
(1, -18, -67)
(0, -18, -67)
(1, -19, -67)
(0, -19, -67)
(0, -19, -68)
(0, -19, -69)
(1, -20, -70)
(0, -20, -70)
(0, -20, -71)
(0, -20, -72)
(1, -20, -73)
(0, -19, -73)
(1, -19, -74)
(0, -18, -73)
(0, -18, -72)
(0, -18, -71)
(1, -18, -71)
(0, -17, -70)
(1, -17, -71)
(0, -16, -71)
(0, -16, -72)
(0, -16, -73)
(1, -16, -74)
(0, -15, -73)
(0, -15, -72)
(0, -15, -71)
(1, -15, -71)
(0, -14, -71)
(1, -14, -72)
(0, -13, -71)
(1, -13, -72)
(1, -13, -73)
(0, -12, -73)
(1, -12, -74)
(0, -11, -74)
(0, -11, -75)
(1, -12, -76)
(1, -12, -77)
(0, -11, -77)
(1, -11, -78)
(0, -10, -77)
(1, -10, -77)
(0, -9, -77)
(0, -9, -78)
(1, -10, -79)
(0, -10, -79)
(1, -11, -80)
(0, -11, -79)
(1, -12, -80)
(0, -12, -80)
(1, -13, -81)
(0, -13, -81)
(0, -13, -82)
(1, -13, -83)
(0, -12, -83)
(1, -12, -84)
(0, -11, -83)
(1, -11, -84)
(1, -11, -85)
(0, -10, -85)
(0, -10, -86)
(0, -10, -87)
(1, -11, -88)
(1, -11, -89)
(0, -11, -89)
(1, -12, -89)
(1, -12, -88)
(1, -12, -87)
(0, -12, -86)
(1, -13, -86)
(0, -13, -86)
(1, -14, -87)
(0, -14, -86)
(0, -14, -85)
(0, -14, -84)
(1, -15, -84)
(1, -15, -83)
(1, -15, -82)
(1, -15, -81)
(1, -15, -80)
(0, -15, -79)
(1, -16, -79)
(0, -16, -78)
(0, -16, -77)
(1, -17, -77)
(0, -17, -76)
(1, -18, -77)
(0, -18, -76)
(1, -19, -77)
(1, -19, -78)
(0, -19, -78)
(1, -20, -79)
(1, -20, -80)
(0, -19, -80)
(1, -19, -81)
(1, -19, -82)
(1, -19, -83)
(0, -18, -83)
(0, -18, -84)
(0, -18, -85)
(1, -19, -86)
(1, -19, -87)
(0, -19, -87)
(0, -19, -88)
(1, -19, -89)
(1, -19, -90)
(0, -18, -90)
(0, -18, -91)
(0, -18, -92)
(1, -18, -93)
(1, -18, -94)
(0, -18, -94)
(1, -19, -95)
(0, -19, -94)
(0, -19, -93)
(1, -20, -93)
(0, -20, -93)
(1, -21, -93)
(0, -21, -93)
(1, -22, -94)
(1, -22, -95)
(0, -22, -95)
(0, -22, -96)
(1, -22, -97)
(0, -21, -97)
(0, -21, -98)
(0, -21, -99)
(0, -21, -100)
(1, -21, -101)
(1, -21, -102)
(0, -20, -102)
(1, -20, -102)
(0, -19, -101)
(1, -19, -102)
(0, -18, -102)
(1, -18, -102)
(1, -18, -101)
(1, -18, -100)
(1, -18, -99)
(1, -18, -98)
(0, -18, -97)
(0, -18, -96)
(1, -18, -96)
(0, -17, -95)
(1, -17, -96)
(1, -17, -97)
(1, -17, -98)
(1, -17, -99)
(1, -17, -100)
(1, -17, -101)
(0, -16, -101)
(1, -16, -101)
(1, -16, -100)
(0, -15, -99)
(0, -15, -98)
(1, -15, -98)
(1, -15, -97)
(1, -15, -96)
(0, -14, -95)
(0, -14, -94)
(0, -14, -93)
(1, -15, -93)
(1, -15, -92)
(1, -15, -91)
(1, -15, -90)
(0, -15, -89)
(1, -16, -89)
(0, -16, -89)
(0, -16, -90)
(1, -17, -91)
(0, -17, -90)
(0, -17, -89)
(1, -18, -89)
(1, -18, -88)
(1, -18, -87)
(0, -17, -86)
(0, -17, -85)
(1, -17, -85)
(0, -16, -85)
(1, -16, -85)
(0, -15, -85)
(0, -15, -86)
(0, -15, -87)
(1, -15, -88)
(0, -14, -88)
(1, -14, -89)
(0, -13, -88)
(1, -13, -89)
(1, -13, -90)
(0, -13, -90)
(0, -13, -91)
(0, -13, -92)
(0, -13, -93)
(0, -13, -94)
(1, -13, -95)
(1, -13, -96)
(0, -12, -96)
(1, -12, -97)
(1, -12, -98)
(1, -12, -99)
(1, -12, -100)
(0, -11, -100)
(0, -11, -101)
(0, -11, -102)
(0, -11, -103)
(0, -11, -104)
(1, -12, -105)
(0, -12, -105)
(0, -12, -106)
(0, -12, -107)
(0, -12, -108)
(1, -13, -109)
(0, -13, -108)
(1, -14, -109)
(0, -14, -108)
(1, -15, -109)
(0, -15, -108)
(1, -16, -108)
(1, -16, -107)
(0, -16, -106)
(0, -16, -105)
(0, -16, -104)
(1, -17, -104)
(0, -17, -104)
(1, -18, -105)
(0, -18, -104)
(1, -19, -104)
(0, -19, -104)
(0, -19, -105)
(1, -20, -106)
(0, -20, -105)
(1, -21, -106)
(0, -21, -106)
(0, -21, -107)
(1, -21, -108)
(1, -21, -109)
(0, -21, -109)
(0, -21, -110)
(1, -21, -111)
(0, -20, -110)
(1, -20, -111)
(1, -20, -112)
(1, -20, -113)
(0, -19, -113)
(1, -19, -113)
(0, -18, -113)
(0, -18, -114)
(0, -18, -115)
(1, -19, -116)
(1, -19, -117)
(1, -19, -118)
(0, -19, -118)
(1, -20, -119)
(0, -20, -119)
(0, -20, -120)
(1, -21, -121)
(0, -21, -121)
(1, -22, -122)
(0, -22, -122)
(0, -22, -123)
(1, -23, -124)
(1, -23, -125)
(0, -22, -125)
(0, -22, -126)
(0, -22, -127)
(1, -23, -128)
(0, -23, -127)
(1, -24, -128)
(0, -24, -127)
(1, -25, -127)
(1, -25, -126)
(1, -25, -125)
(1, -25, -124)
(1, -25, -123)
(0, -24, -122)
(0, -24, -121)
(0, -24, -120)
(0, -24, -119)
(1, -25, -119)
(0, -25, -119)
(1, -26, -120)
(0, -26, -120)
(1, -27, -120)
(0, -27, -119)
(1, -28, -119)
(0, -28, -119)
(0, -28, -120)
(0, -28, -121)
(1, -29, -122)
(0, -29, -122)
(0, -29, -123)
(1, -29, -124)
(0, -28, -124)
(0, -28, -125)
(1, -29, -126)
(0, -29, -125)
(1, -30, -126)
(0, -30, -125)
(1, -31, -126)
(1, -31, -127)
(0, -31, -127)
(1, -32, -128)
(0, -32, -128)
(0, -32, -129)
(1, -32, -130)
(0, -31, -130)
(1, -31, -131)
(0, -30, -130)
(1, -30, -130)
(0, -29, -130)
(1, -29, -131)
(1, -29, -132)
(1, -29, -133)
(0, -28, -133)
(1, -28, -134)
(0, -27, -134)
(1, -27, -135)
(0, -26, -134)
(1, -26, -134)
(1, -26, -133)
(0, -26, -132)
(1, -27, -132)
(0, -27, -132)
(1, -28, -132)
(1, -28, -131)
(0, -27, -130)
(1, -27, -130)
(0, -26, -129)
(1, -26, -129)
(0, -25, -128)
(1, -25, -129)
(0, -24, -129)
(0, -24, -130)
(1, -24, -131)
(0, -23, -130)
(1, -23, -131)
(0, -22, -130)
(1, -22, -130)
(0, -21, -130)
(1, -21, -130)
(0, -20, -129)
(1, -20, -129)
(0, -19, -129)
(0, -19, -130)
(1, -19, -131)
(1, -19, -132)
(0, -19, -132)
(1, -20, -133)
(1, -20, -134)
(0, -19, -134)
(1, -19, -135)
(0, -18, -134)
(1, -18, -135)
(0, -17, -134)
(0, -17, -133)
(0, -17, -132)
(0, -17, -131)
(1, -17, -131)
(0, -16, -130)
(1, -16, -130)
(1, -16, -129)
(0, -16, -128)
(1, -17, -129)
(0, -17, -128)
(0, -17, -127)
(1, -18, -127)
(1, -18, -126)
(0, -18, -125)
(0, -18, -124)
(1, -18, -124)
(1, -18, -123)
(0, -17, -122)
(0, -17, -121)
(0, -17, -120)
(1, -18, -120)
(1, -18, -119)
(1, -18, -118)
(0, -17, -117)
(0, -17, -116)
(1, -17, -116)
(0, -16, -116)
(0, -16, -117)
(0, -16, -118)
(1, -16, -119)
(0, -15, -118)
(0, -15, -117)
(1, -15, -117)
(0, -14, -116)
(0, -14, -115)
(1, -14, -115)
(0, -13, -114)
(1, -13, -114)
(1, -13, -113)
(0, -12, -112)
(1, -12, -113)
(0, -11, -112)
(1, -11, -113)
(1, -11, -114)
(0, -10, -114)
(1, -10, -114)
(1, -10, -113)
(0, -9, -112)
(1, -9, -113)
(0, -8, -112)
(0, -8, -111)
(0, -8, -110)
(1, -9, -110)
(0, -9, -109)
(1, -10, -109)
(0, -10, -108)
(0, -10, -107)
(0, -10, -106)
(1, -10, -106)
(1, -10, -105)
(0, -9, -104)
(1, -9, -105)
(0, -8, -104)
(1, -8, -105)
(1, -8, -106)
(0, -8, -106)
(0, -8, -107)
(0, -8, -108)
(1, -8, -109)
(0, -7, -109)
(0, -7, -110)
(0, -7, -111)
(1, -7, -112)
(0, -6, -112)
(1, -6, -113)
(0, -5, -112)
(0, -5, -111)
(1, -5, -111)
(1, -5, -110)
(1, -5, -109)
(1, -5, -108)
(0, -5, -107)
(0, -5, -106)
(0, -5, -105)
(1, -5, -105)
(0, -4, -104)
(0, -4, -103)
(1, -5, -103)
(0, -5, -102)
(1, -6, -102)
(0, -6, -102)
(1, -7, -103)
(0, -7, -103)
(1, -8, -103)
(1, -8, -102)
(0, -7, -101)
(0, -7, -100)
(1, -7, -100)
(1, -7, -99)
(0, -6, -98)
(1, -6, -99)
(0, -5, -98)
(1, -5, -98)
(0, -4, -98)
(1, -4, -99)
(0, -3, -99)
(0, -3, -100)
(1, -3, -101)
(1, -3, -102)
(0, -3, -102)
(0, -3, -103)
(0, -3, -104)
(0, -3, -105)
(1, -3, -106)
(1, -3, -107)
(0, -2, -107)
(0, -2, -108)
(1, -3, -109)
(0, -3, -108)
(1, -4, -109)
(1, -4, -110)
(0, -3, -110)
(0, -3, -111)
(0, -3, -112)
(1, -4, -113)
(1, -4, -114)
(0, -3, -114)
(0, -3, -115)
(1, -3, -116)
(1, -3, -117)
(1, -3, -118)
(0, -3, -118)
(0, -3, -119)
(1, -4, -120)
(0, -4, -120)
(0, -4, -121)
(0, -4, -122)
(0, -4, -123)
(1, -4, -124)
(1, -4, -125)
(0, -3, -125)
(0, -3, -126)
(1, -4, -127)
(1, -4, -128)
(0, -3, -128)
(0, -3, -129)
(0, -3, -130)
(1, -3, -131)
(0, -2, -131)
(1, -2, -132)
(0, -1, -131)
(0, -1, -130)
(1, -2, -130)
(0, -2, -129)
(0, -2, -128)
(1, -2, -128)
(0, -1, -128)
(1, -1, -129)
(0, 0, -128)
(0, 0, -127)
(1, 0, -127)
(0, 1, -127)
(0, 1, -128)
(1, 1, -129)
(1, 1, -130)
(0, 2, -130)
(1, 2, -131)
(1, 2, -132)
(0, 3, -132)
(0, 3, -133)
(1, 3, -134)
(0, 4, -133)
(1, 4, -133)
(0, 5, -133)
(0, 5, -134)
(1, 4, -135)
(1, 4, -136)
(0, 5, -136)
(1, 5, -137)
(0, 6, -136)
(1, 6, -137)
(1, 6, -138)
(1, 6, -139)
(1, 6, -140)
(1, 6, -141)
(0, 6, -141)
(0, 6, -142)
(1, 5, -143)
(1, 5, -144)
(0, 6, -144)
(1, 6, -144)
(0, 7, -143)
(0, 7, -142)
(1, 7, -142)
(0, 8, -142)
(0, 8, -143)
(0, 8, -144)
(1, 8, -145)
(0, 9, -144)
(1, 9, -144)
(1, 9, -143)
(0, 9, -142)
(0, 9, -141)
(0, 9, -140)
(1, 8, -140)
(1, 8, -139)
(0, 8, -138)
(0, 8, -137)
(0, 8, -136)
(0, 8, -135)
(1, 7, -135)
(0, 7, -135)
(1, 6, -135)
(1, 6, -134)
(0, 6, -133)
(0, 6, -132)
(1, 6, -132)
(0, 7, -131)
(1, 7, -132)
(0, 8, -131)
(1, 8, -132)
(0, 9, -132)
(0, 9, -133)
(0, 9, -134)
(0, 9, -135)
(0, 9, -136)
(0, 9, -137)
(1, 9, -138)
(0, 10, -137)
(0, 10, -136)
(1, 10, -136)
(1, 10, -135)
(1, 10, -134)
(0, 11, -133)
(1, 11, -134)
(0, 12, -134)
(1, 12, -135)
(0, 13, -135)
(0, 13, -136)
(1, 12, -137)
(1, 12, -138)
(0, 12, -138)
(1, 11, -139)
(0, 11, -138)
(1, 10, -139)
(1, 10, -140)
(1, 10, -141)
(1, 10, -142)
(1, 10, -143)
(0, 11, -143)
(1, 11, -143)
(1, 11, -142)
(0, 12, -141)
(1, 12, -142)
(0, 13, -142)
(0, 13, -143)
(1, 12, -144)
(0, 12, -144)
(0, 12, -145)
(1, 11, -146)
(1, 11, -147)
(1, 11, -148)
(0, 12, -148)
(0, 12, -149)
(1, 11, -150)
(0, 11, -149)
(1, 10, -150)
(1, 10, -151)
(0, 10, -151)
(1, 9, -152)
(1, 9, -153)
(0, 10, -153)
(1, 10, -154)
(0, 11, -153)
(1, 11, -153)
(0, 12, -152)
(0, 12, -151)
(1, 12, -151)
(0, 13, -150)
(1, 13, -151)
(1, 13, -152)
(0, 14, -152)
(1, 14, -153)
(0, 15, -153)
(1, 15, -154)
(0, 16, -154)
(0, 16, -155)
(1, 16, -156)
(0, 17, -155)
(0, 17, -154)
(1, 17, -154)
(1, 17, -153)
(0, 17, -152)
(1, 16, -152)
(1, 16, -151)
(1, 16, -150)
(0, 17, -149)
(0, 17, -148)
(1, 16, -148)
(1, 16, -147)
(1, 16, -146)
(0, 16, -145)
(0, 16, -144)
(1, 15, -144)
(1, 15, -143)
(0, 15, -142)
(0, 15, -141)
(1, 14, -141)
(0, 14, -140)
(1, 13, -140)
(1, 13, -139)
(0, 14, -138)
(1, 14, -139)
(0, 15, -139)
(1, 15, -139)
(0, 16, -139)
(1, 16, -140)
(1, 16, -141)
(0, 17, -141)
(0, 17, -142)
(0, 17, -143)
(1, 17, -144)
(1, 17, -145)
(0, 18, -145)
(0, 18, -146)
(0, 18, -147)
(0, 18, -148)
(1, 18, -149)
(1, 18, -150)
(1, 18, -151)
(1, 18, -152)
(0, 19, -152)
(0, 19, -153)
(1, 19, -154)
(1, 19, -155)
(0, 19, -155)
(0, 19, -156)
(1, 18, -157)
(1, 18, -158)
(0, 18, -158)
(1, 17, -159)
(0, 17, -159)
(0, 17, -160)
(1, 17, -161)
(0, 18, -161)
(0, 18, -162)
(1, 18, -163)
(1, 18, -164)
(0, 18, -164)
(0, 18, -165)
(1, 18, -166)
(0, 19, -166)
(1, 19, -167)
(0, 20, -167)
(0, 20, -168)
(1, 20, -169)
(0, 21, -169)
(1, 21, -170)
(1, 21, -171)
(0, 21, -171)
(0, 21, -172)
(1, 21, -173)
(0, 22, -172)
(1, 22, -172)
(0, 23, -171)
(0, 23, -170)
(0, 23, -169)
(1, 23, -169)
(0, 24, -169)
(0, 24, -170)
(1, 24, -171)
(0, 25, -171)
(1, 25, -172)
(0, 26, -172)
(1, 26, -172)
(1, 26, -171)
(1, 26, -170)
(0, 27, -169)
(0, 27, -168)
(0, 27, -167)
(1, 27, -167)
(1, 27, -166)
(0, 28, -165)
(1, 28, -165)
(0, 29, -165)
(0, 29, -166)
(0, 29, -167)
(1, 28, -168)
(1, 28, -169)
(0, 28, -169)
(0, 28, -170)
(1, 27, -171)
(1, 27, -172)
(0, 28, -172)
(1, 28, -172)
(0, 29, -172)
(0, 29, -173)
(0, 29, -174)
(0, 29, -175)
(1, 29, -176)
(0, 30, -176)
(1, 30, -177)
(1, 30, -178)
(0, 31, -178)
(1, 31, -179)
(0, 32, -178)
(1, 32, -178)
(1, 32, -177)
(0, 33, -176)
(0, 33, -175)
(0, 33, -174)
(1, 33, -174)
(1, 33, -173)
(1, 33, -172)
(1, 33, -171)
(0, 33, -170)
(1, 32, -171)
(0, 32, -171)
(1, 31, -172)
(0, 31, -171)
(0, 31, -170)
(1, 31, -170)
(0, 32, -169)
(1, 32, -169)
(1, 32, -168)
(0, 32, -167)
(0, 32, -166)
(0, 32, -165)
(0, 32, -164)
(1, 32, -164)
(0, 33, -164)
(1, 33, -165)
(1, 33, -166)
(1, 33, -167)
(0, 34, -167)
(1, 34, -168)
(0, 35, -167)
(1, 35, -167)
(0, 36, -167)
(1, 36, -167)
(1, 36, -166)
(0, 37, -165)
(0, 37, -164)
(0, 37, -163)
(1, 36, -163)
(1, 36, -162)
(0, 36, -161)
(1, 35, -162)
(0, 35, -162)
(1, 34, -162)
(0, 34, -161)
(1, 33, -161)
(0, 33, -160)
(1, 32, -161)
(0, 32, -160)
(0, 32, -159)
(1, 31, -159)
(1, 31, -158)
(1, 31, -157)
(1, 31, -156)
(0, 31, -155)
(1, 30, -155)
(0, 30, -155)
(1, 29, -155)
(1, 29, -154)
(1, 29, -153)
(1, 29, -152)
(0, 30, -151)
(1, 30, -152)
(1, 30, -153)
(0, 31, -153)
(1, 31, -153)
(0, 32, -152)
(0, 32, -151)
(1, 32, -151)
(0, 33, -150)
(0, 33, -149)
(1, 32, -149)
(1, 32, -148)
(0, 32, -147)
(1, 31, -148)
(0, 31, -147)
(1, 30, -148)
(0, 30, -148)
(0, 30, -149)
(1, 29, -150)
(0, 29, -149)
(1, 28, -149)
(0, 28, -149)
(0, 28, -150)
(1, 27, -151)
(0, 27, -150)
(0, 27, -149)
(0, 27, -148)
(1, 26, -148)
(1, 26, -147)
(0, 26, -146)
(1, 25, -147)
(0, 25, -146)
(0, 25, -145)
(1, 25, -145)
(0, 26, -144)
(1, 26, -145)
(0, 27, -145)
(1, 27, -146)
(0, 28, -146)
(1, 28, -147)
(0, 29, -146)
(1, 29, -146)
(1, 29, -145)
(1, 29, -144)
(0, 30, -143)
(0, 30, -142)
(1, 29, -142)
(1, 29, -141)
(1, 29, -140)
(0, 29, -139)
(0, 29, -138)
(1, 28, -138)
(1, 28, -137)
(0, 28, -136)
(1, 27, -137)
(1, 27, -138)
(1, 27, -139)
(0, 28, -139)
(0, 28, -140)
(1, 27, -141)
(0, 27, -141)
(1, 26, -141)
(0, 26, -140)
(1, 25, -141)
(0, 25, -140)
(1, 24, -140)
(1, 24, -139)
(0, 25, -138)
(0, 25, -137)
(0, 25, -136)
(1, 25, -136)
(1, 25, -135)
(0, 26, -134)
(1, 26, -134)
(0, 27, -133)
(0, 27, -132)
(1, 27, -132)
(0, 28, -132)
(0, 28, -133)
(1, 28, -134)
(0, 29, -133)
(1, 29, -133)
(0, 30, -133)
(1, 30, -134)
(0, 31, -133)
(1, 31, -133)
(0, 32, -133)
(0, 32, -134)
(1, 31, -135)
(1, 31, -136)
(0, 31, -136)
(0, 31, -137)
(1, 31, -138)
(1, 31, -139)
(0, 31, -139)
(1, 30, -140)
(1, 30, -141)
(0, 31, -141)
(0, 31, -142)
(0, 31, -143)
(1, 31, -144)
(0, 32, -143)
(1, 32, -143)
(0, 33, -142)
(0, 33, -141)
(1, 33, -141)
(0, 34, -140)
(0, 34, -139)
(1, 34, -139)
(0, 35, -139)
(0, 35, -140)
(0, 35, -141)
(1, 35, -142)
(0, 36, -141)
(1, 36, -141)
(0, 37, -141)
(1, 37, -142)
(1, 37, -143)
(0, 38, -143)
(1, 38, -143)
(0, 39, -142)
(1, 39, -142)
(0, 40, -141)
(1, 40, -142)
(1, 40, -143)
(0, 41, -143)
(0, 41, -144)
(1, 41, -145)
(1, 41, -146)
(0, 41, -146)
(0, 41, -147)
(1, 41, -148)
(0, 42, -148)
(0, 42, -149)
(1, 41, -150)
(0, 41, -150)
(0, 41, -151)
(1, 41, -152)
(0, 42, -152)
(0, 42, -153)
(1, 41, -154)
(0, 41, -154)
(1, 40, -154)
(0, 40, -154)
(1, 39, -155)
(1, 39, -156)
(1, 39, -157)
(0, 40, -157)
(0, 40, -158)
(0, 40, -159)
(0, 40, -160)
(1, 40, -161)
(1, 40, -162)
(0, 41, -162)
(1, 41, -163)
(1, 41, -164)
(0, 41, -164)
(0, 41, -165)
(1, 41, -166)
(0, 42, -166)
(1, 42, -167)
(1, 42, -168)
(0, 43, -168)
(0, 43, -169)
(0, 43, -170)
(0, 43, -171)
(0, 43, -172)
(0, 43, -173)
(1, 43, -174)
(1, 43, -175)
(1, 43, -176)
(0, 44, -176)
(1, 44, -176)
(1, 44, -175)
(0, 45, -174)
(1, 45, -174)
(0, 46, -174)
(1, 46, -175)
(1, 46, -176)
(1, 46, -177)
(1, 46, -178)
(0, 46, -178)
(0, 46, -179)
(1, 45, -180)
(0, 45, -180)
(0, 45, -181)
(1, 45, -182)
(0, 46, -181)
(1, 46, -182)
(1, 46, -183)
(1, 46, -184)
(1, 46, -185)
(1, 46, -186)
(1, 46, -187)
(0, 47, -187)
(1, 47, -188)
(0, 48, -188)
(0, 48, -189)
(0, 48, -190)
(0, 48, -191)
(1, 48, -192)
(1, 48, -193)
(0, 49, -193)
(1, 49, -194)
(0, 50, -193)
(1, 50, -194)
(0, 51, -194)
(1, 51, -195)
(0, 52, -194)
(0, 52, -193)
(0, 52, -192)
(1, 52, -192)
(1, 52, -191)
(1, 52, -190)
(0, 53, -189)
(1, 53, -189)
(1, 53, -188)
(1, 53, -187)
(1, 53, -186)
(0, 53, -185)
(0, 53, -184)
(1, 53, -184)
(0, 54, -183)
(1, 54, -184)
(0, 55, -183)
(0, 55, -182)
(1, 55, -182)
(1, 55, -181)
(0, 55, -180)
(0, 55, -179)
(1, 55, -179)
(1, 55, -178)
(1, 55, -177)
(0, 56, -176)
(1, 56, -177)
(1, 56, -178)
(0, 57, -178)
(0, 57, -179)
(0, 57, -180)
(1, 57, -181)
(0, 58, -181)
(1, 58, -181)
(1, 58, -180)
(0, 58, -179)
(0, 58, -178)
(0, 58, -177)
(1, 57, -177)
(1, 57, -176)
(0, 57, -175)
(1, 56, -175)
(0, 56, -174)
(1, 55, -175)
(0, 55, -174)
(1, 54, -175)
(0, 54, -175)
(1, 53, -175)
(1, 53, -174)
(1, 53, -173)
(1, 53, -172)
(1, 53, -171)
(0, 53, -170)
(1, 52, -171)
(0, 52, -171)
(1, 51, -172)
(1, 51, -173)
(0, 51, -173)
(1, 50, -173)
(1, 50, -172)
(1, 50, -171)
(0, 50, -170)
(0, 50, -169)
(1, 50, -169)
(1, 50, -168)
(1, 50, -167)
(1, 50, -166)
(1, 50, -165)
(1, 50, -164)
(1, 50, -163)
(1, 50, -162)
(0, 50, -161)
(1, 49, -162)
(0, 49, -161)
(0, 49, -160)
(1, 48, -160)
(1, 48, -159)
(1, 48, -158)
(1, 48, -157)
(1, 48, -156)
(0, 49, -155)
(1, 49, -155)
(0, 50, -154)
(1, 50, -154)
(1, 50, -153)
(0, 51, -152)
(1, 51, -153)
(0, 52, -153)
(1, 52, -153)
(1, 52, -152)
(1, 52, -151)
(1, 52, -150)
(0, 53, -149)
(1, 53, -150)
(0, 54, -150)
(0, 54, -151)
(0, 54, -152)
(1, 53, -153)
(1, 53, -154)
(0, 53, -154)
(0, 53, -155)
(1, 52, -156)
(0, 52, -156)
(1, 51, -157)
(0, 51, -157)
(1, 50, -157)
(0, 50, -156)
(1, 49, -157)
(1, 49, -158)
(1, 49, -159)
(0, 50, -159)
(1, 50, -159)
(0, 51, -159)
(1, 51, -159)
(0, 52, -159)
(1, 52, -160)
(1, 52, -161)
(0, 53, -161)
(1, 53, -161)
(1, 53, -160)
(0, 54, -159)
(1, 54, -160)
(0, 55, -159)
(0, 55, -158)
(1, 54, -158)
(1, 54, -157)
(1, 54, -156)
(0, 55, -155)
(0, 55, -154)
(1, 55, -154)
(0, 56, -153)
(0, 56, -152)
(0, 56, -151)
(1, 55, -151)
(0, 55, -150)
(0, 55, -149)
(1, 54, -149)
(1, 54, -148)
(0, 55, -147)
(0, 55, -146)
(0, 55, -145)
(0, 55, -144)
(1, 54, -144)
(0, 54, -143)
(1, 53, -143)
(1, 53, -142)
(0, 53, -141)
(1, 52, -142)
(0, 52, -141)
(0, 52, -140)
(0, 52, -139)
(0, 52, -138)
(1, 51, -138)
(0, 51, -138)
(1, 50, -139)
(1, 50, -140)
(0, 51, -140)
(0, 51, -141)
(0, 51, -142)
(1, 50, -143)
(0, 50, -142)
(0, 50, -141)
(1, 49, -141)
(1, 49, -140)
(1, 49, -139)
(0, 49, -138)
(1, 48, -138)
(0, 48, -137)
(1, 47, -138)
(1, 47, -139)
(0, 48, -139)
(1, 48, -140)
(1, 48, -141)
(0, 48, -141)
(1, 47, -141)
(0, 47, -141)
(0, 47, -142)
(1, 46, -143)
(1, 46, -144)
(0, 47, -144)
(1, 47, -144)
(0, 48, -143)
(1, 48, -144)
(0, 49, -144)
(1, 49, -144)
(0, 50, -144)
(0, 50, -145)
(1, 50, -146)
(1, 50, -147)
(0, 50, -147)
(0, 50, -148)
(1, 49, -149)
(0, 49, -149)
(0, 49, -150)
(0, 49, -151)
(0, 49, -152)
(0, 49, -153)
(1, 48, -154)
(0, 48, -153)
(1, 47, -154)
(1, 47, -155)
(0, 47, -155)
(1, 46, -155)
(0, 46, -154)
(1, 45, -155)
(0, 45, -155)
(1, 44, -155)
(1, 44, -154)
(0, 44, -153)
(0, 44, -152)
(1, 44, -152)
(0, 45, -152)
(1, 45, -153)
(0, 46, -152)
(1, 46, -152)
(0, 47, -152)
(1, 47, -152)
(0, 48, -151)
(0, 48, -150)
(0, 48, -149)
(0, 48, -148)
(1, 47, -148)
(0, 47, -147)
(1, 46, -147)
(0, 46, -146)
(1, 45, -146)
(0, 45, -145)
(1, 44, -146)
(0, 44, -146)
(0, 44, -147)
(0, 44, -148)
(1, 43, -149)
(0, 43, -148)
(0, 43, -147)
(1, 42, -147)
(1, 42, -146)
(1, 42, -145)
(1, 42, -144)
(0, 42, -143)
(0, 42, -142)
(1, 42, -142)
(0, 43, -141)
(1, 43, -141)
(1, 43, -140)
(0, 43, -139)
(1, 42, -139)
(0, 42, -138)
(1, 41, -138)
(0, 41, -138)
(1, 40, -138)
(0, 40, -138)
(1, 39, -139)
(0, 39, -138)
(0, 39, -137)
(1, 38, -137)
(1, 38, -136)
(1, 38, -135)
(0, 39, -134)
(1, 39, -135)
(1, 39, -136)
(0, 40, -136)
(1, 40, -136)
(0, 41, -136)
(1, 41, -136)
(0, 42, -136)
(1, 42, -137)
(0, 43, -136)
(1, 43, -137)
(0, 44, -136)
(1, 44, -136)
(1, 44, -135)
(0, 44, -134)
(0, 44, -133)
(0, 44, -132)
(1, 43, -132)
(0, 43, -131)
(0, 43, -130)
(1, 43, -130)
(1, 43, -129)
(1, 43, -128)
(1, 43, -127)
(1, 43, -126)
(0, 43, -125)
(1, 42, -126)
(0, 42, -126)
(0, 42, -127)
(1, 41, -128)
(0, 41, -127)
(1, 40, -128)
(0, 40, -128)
(1, 39, -128)
(1, 39, -127)
(0, 39, -126)
(0, 39, -125)
(1, 39, -125)
(0, 40, -125)
(1, 40, -126)
(0, 41, -125)
(1, 41, -125)
(1, 41, -124)
(0, 41, -123)
(1, 40, -124)
(0, 40, -123)
(1, 39, -123)
(0, 39, -123)
(1, 38, -123)
(0, 38, -123)
(1, 37, -123)
(0, 37, -122)
(1, 36, -122)
(0, 36, -122)
(1, 35, -122)
(0, 35, -122)
(1, 34, -122)
(1, 34, -121)
(0, 35, -120)
(1, 35, -120)
(0, 36, -119)
(1, 36, -120)
(0, 37, -120)
(1, 37, -121)
(0, 38, -120)
(0, 38, -119)
(1, 38, -119)
(0, 39, -119)
(1, 39, -120)
(1, 39, -121)
(0, 40, -121)
(1, 40, -121)
(0, 41, -120)
(1, 41, -121)
(0, 42, -121)
(1, 42, -122)
(0, 43, -122)
(0, 43, -123)
(1, 43, -124)
(0, 44, -123)
(0, 44, -122)
(1, 44, -122)
(0, 45, -122)
(1, 45, -123)
(0, 46, -123)
(1, 46, -123)
(0, 47, -123)
(1, 47, -124)
(0, 48, -123)
(1, 48, -123)
(0, 49, -122)
(1, 49, -123)
(0, 50, -123)
(0, 50, -124)
(1, 49, -125)
(0, 49, -124)
(1, 48, -125)
(0, 48, -125)
(1, 47, -126)
(0, 47, -125)
(1, 46, -126)
(0, 46, -125)
(1, 45, -126)
(0, 45, -126)
(0, 45, -127)
(0, 45, -128)
(0, 45, -129)
(0, 45, -130)
(1, 45, -131)
(0, 46, -131)
(1, 46, -132)
(0, 47, -132)
(0, 47, -133)
(1, 47, -134)
(0, 48, -134)
(1, 48, -135)
(0, 49, -134)
(1, 49, -134)
(0, 50, -133)
(0, 50, -132)
(1, 50, -132)
(0, 51, -131)
(1, 51, -132)
(0, 52, -131)
(1, 52, -131)
(0, 53, -130)
(1, 53, -130)
(1, 53, -129)
(0, 53, -128)
(0, 53, -127)
(1, 53, -127)
(0, 54, -127)
(1, 54, -127)
(1, 54, -126)
(0, 54, -125)
(0, 54, -124)
(1, 54, -124)
(0, 55, -124)
(1, 55, -124)
(1, 55, -123)
(0, 56, -122)
(1, 56, -123)
(0, 57, -123)
(1, 57, -123)
(0, 58, -123)
(1, 58, -124)
(0, 59, -123)
(1, 59, -124)
(0, 60, -123)
(0, 60, -122)
(0, 60, -121)
(1, 60, -121)
(0, 61, -121)
(0, 61, -122)
(1, 61, -123)
(1, 61, -124)
(0, 61, -124)
(0, 61, -125)
(1, 60, -126)
(1, 60, -127)
(0, 60, -127)
(1, 59, -127)
(0, 59, -126)
(1, 58, -127)
(0, 58, -127)
(1, 57, -127)
(0, 57, -127)
(0, 57, -128)
(1, 57, -129)
(0, 58, -129)
(1, 58, -129)
(0, 59, -128)
(1, 59, -129)
(1, 59, -130)
(0, 59, -130)
(0, 59, -131)
(1, 58, -132)
(0, 58, -131)
(1, 57, -132)
(0, 57, -132)
(0, 57, -133)
(0, 57, -134)
(1, 56, -135)
(0, 56, -135)
(1, 55, -135)
(1, 55, -134)
(0, 56, -133)
(0, 56, -132)
(1, 55, -132)
(0, 55, -131)
(1, 54, -132)
(0, 54, -132)
(0, 54, -133)
(0, 54, -134)
(0, 54, -135)
(1, 53, -136)
(0, 53, -135)
(1, 52, -136)
(1, 52, -137)
(0, 53, -137)
(0, 53, -138)
(1, 53, -139)
(0, 54, -138)
(1, 54, -138)
(0, 55, -138)
(0, 55, -139)
(0, 55, -140)
(1, 54, -141)
(1, 54, -142)
(0, 55, -142)
(1, 55, -142)
(0, 56, -141)
(1, 56, -142)
(0, 57, -142)
(0, 57, -143)
(1, 57, -144)
(0, 58, -143)
(1, 58, -144)
(0, 59, -143)
(0, 59, -142)
(1, 59, -142)
(1, 59, -141)
(0, 60, -140)
(1, 60, -140)
(1, 60, -139)
(0, 61, -138)
(0, 61, -137)
(1, 61, -137)
(0, 62, -136)
(1, 62, -136)
(0, 63, -136)
(1, 63, -137)
(0, 64, -136)
(1, 64, -137)
(0, 65, -137)
(0, 65, -138)
(0, 65, -139)
(1, 65, -140)
(0, 66, -140)
(1, 66, -140)
(0, 67, -140)
(1, 67, -140)
(0, 68, -139)
(1, 68, -139)
(0, 69, -139)
(0, 69, -140)
(1, 68, -141)
(1, 68, -142)
(0, 69, -142)
(1, 69, -143)
(0, 70, -143)
(1, 70, -143)
(0, 71, -143)
(1, 71, -143)
(0, 72, -142)
(0, 72, -141)
(1, 71, -141)
(0, 71, -141)
(1, 70, -141)
(1, 70, -140)
(0, 71, -139)
(0, 71, -138)
(0, 71, -137)
(0, 71, -136)
(0, 71, -135)
(1, 71, -135)
(1, 71, -134)
(0, 71, -133)
(1, 70, -133)
(0, 70, -132)
(1, 69, -132)
(0, 69, -132)
(0, 69, -133)
(0, 69, -134)
(1, 68, -135)
(0, 68, -134)
(1, 67, -134)
(0, 67, -134)
(1, 66, -134)
(0, 66, -133)
(0, 66, -132)
(0, 66, -131)
(1, 65, -131)
(0, 65, -130)
(0, 65, -129)
(1, 65, -129)
(1, 65, -128)
(1, 65, -127)
(1, 65, -126)
(0, 65, -125)
(0, 65, -124)
(1, 65, -124)
(0, 66, -123)
(1, 66, -124)
(0, 67, -123)
(1, 67, -124)
(0, 68, -123)
(1, 68, -124)
(0, 69, -123)
(1, 69, -123)
(1, 69, -122)
(0, 70, -121)
(1, 70, -122)
(1, 70, -123)
(0, 71, -123)
(1, 71, -123)
(0, 72, -122)
(1, 72, -122)
(1, 72, -121)
(0, 72, -120)
(0, 72, -119)
(1, 72, -119)
(0, 73, -119)
(1, 73, -119)
(1, 73, -118)
(0, 73, -117)
(0, 73, -116)
(1, 73, -116)
(1, 73, -115)
(0, 73, -114)
(1, 72, -115)
(0, 72, -114)
(0, 72, -113)
(1, 71, -113)
(0, 71, -112)
(1, 70, -113)
(1, 70, -114)
(1, 70, -115)
(0, 70, -115)
(1, 69, -116)
(0, 69, -116)
(0, 69, -117)
(1, 68, -118)
(1, 68, -119)
(1, 68, -120)
(0, 68, -120)
(0, 68, -121)
(1, 67, -122)
(0, 67, -121)
(1, 66, -122)
(0, 66, -121)
(1, 65, -122)
(0, 65, -121)
(1, 64, -121)
(0, 64, -120)
(1, 63, -121)
(0, 63, -120)
(1, 62, -121)
(0, 62, -120)
(1, 61, -120)
(0, 61, -119)
(1, 60, -119)
(0, 60, -119)
(1, 59, -119)
(1, 59, -118)
(0, 59, -117)
(0, 59, -116)
(0, 59, -115)
(1, 59, -115)
(1, 59, -114)
(0, 59, -113)
(1, 58, -114)
(0, 58, -114)
(1, 57, -115)
(0, 57, -115)
(1, 56, -116)
(1, 56, -117)
(0, 57, -117)
(1, 57, -117)
(0, 58, -117)
(0, 58, -118)
(1, 58, -119)
(1, 58, -120)
(0, 58, -120)
(1, 57, -120)
(0, 57, -119)
(1, 56, -119)
(0, 56, -118)
(1, 55, -119)
(1, 55, -120)
(0, 55, -120)
(1, 54, -120)
(0, 54, -120)
(1, 53, -121)
(0, 53, -121)
(1, 52, -121)
(0, 52, -121)
(1, 51, -121)
(0, 51, -121)
(1, 50, -122)
(0, 50, -121)
(1, 49, -121)
(0, 49, -120)
(1, 48, -121)
(0, 48, -120)
(1, 47, -121)
(0, 47, -121)
(1, 46, -121)
(0, 46, -120)
(1, 45, -121)
(0, 45, -120)
(0, 45, -119)
(1, 45, -119)
(0, 46, -118)
(1, 46, -119)
(0, 47, -118)
(1, 47, -118)
(0, 48, -117)
(0, 48, -116)
(1, 47, -116)
(0, 47, -115)
(0, 47, -114)
(1, 47, -114)
(0, 48, -114)
(1, 48, -115)
(0, 49, -115)
(0, 49, -116)
(1, 49, -117)
(0, 50, -116)
(1, 50, -116)
(0, 51, -115)
(0, 51, -114)
(0, 51, -113)
(1, 50, -113)
(1, 50, -112)
(0, 51, -111)
(0, 51, -110)
(1, 51, -110)
(0, 52, -110)
(0, 52, -111)
(0, 52, -112)
(1, 52, -113)
(0, 53, -112)
(1, 53, -113)
(1, 53, -114)
(0, 54, -114)
(0, 54, -115)
(1, 53, -116)
(1, 53, -117)
(0, 53, -117)
(1, 52, -118)
(1, 52, -119)
(0, 53, -119)
(1, 53, -119)
(0, 54, -118)
(1, 54, -118)
(1, 54, -117)
(0, 55, -116)
(1, 55, -116)
(1, 55, -115)
(0, 56, -114)
(0, 56, -113)
(1, 56, -113)
(1, 56, -112)
(0, 56, -111)
(1, 55, -112)
(0, 55, -111)
(0, 55, -110)
(1, 54, -110)
(0, 54, -110)
(1, 53, -111)
(0, 53, -110)
(0, 53, -109)
(0, 53, -108)
(1, 53, -108)
