(0, -95, -116)
(0, -95, -117)
(1, -95, -118)
(1, -95, -119)
(0, -94, -119)
(0, -94, -120)
(1, -94, -121)
(0, -93, -121)
(0, -93, -122)
(1, -93, -123)
(0, -92, -123)
(1, -92, -124)
(1, -92, -125)
(1, -92, -126)
(0, -91, -126)
(1, -91, -126)
(0, -90, -125)
(1, -90, -126)
(1, -90, -127)
(0, -89, -127)
(1, -89, -128)
(0, -88, -128)
(0, -88, -129)
(1, -89, -130)
(0, -89, -129)
(1, -90, -130)
(0, -90, -129)
(1, -91, -129)
(0, -91, -129)
(1, -92, -129)
(1, -92, -128)
(0, -92, -127)
(1, -93, -127)
(0, -93, -126)
(1, -94, -126)
(0, -94, -126)
(1, -95, -127)
(0, -95, -126)
(1, -96, -126)
(0, -96, -126)
(0, -96, -127)
(1, -97, -128)
(0, -97, -127)
(0, -97, -126)
(0, -97, -125)
(1, -97, -125)
(1, -97, -124)
(0, -97, -123)
(1, -98, -123)
(0, -98, -122)
(1, -99, -122)
(0, -99, -122)
(1, -100, -123)
(1, -100, -124)
(0, -99, -124)
(0, -99, -125)
(1, -99, -126)
(1, -99, -127)
(1, -99, -128)
(1, -99, -129)
(1, -99, -130)
(0, -99, -130)
(1, -100, -131)
(1, -100, -132)
(0, -100, -132)
(0, -100, -133)
(0, -100, -134)
(0, -100, -135)
(1, -100, -136)
(1, -100, -137)
(0, -100, -137)
(0, -100, -138)
(0, -100, -139)
(0, -100, -140)
(1, -100, -141)
(1, -100, -142)
(0, -99, -142)
(1, -99, -142)
(1, -99, -141)
(1, -99, -140)
(0, -98, -139)
(1, -98, -140)
(0, -97, -139)
(1, -97, -140)
(1, -97, -141)
(0, -97, -141)
(0, -97, -142)
(1, -97, -143)
(0, -96, -142)
(1, -96, -142)
(1, -96, -141)
(1, -96, -140)
(1, -96, -139)
(1, -96, -138)
(0, -95, -137)
(1, -95, -137)
(1, -95, -136)
(1, -95, -135)
(0, -94, -134)
(1, -94, -135)
(0, -93, -134)
(1, -93, -135)
(1, -93, -136)
(0, -92, -136)
(0, -92, -137)
(1, -92, -138)
(1, -92, -139)
(0, -91, -139)
(0, -91, -140)
(1, -91, -141)
(0, -90, -141)
(1, -90, -142)
(0, -89, -141)
(0, -89, -140)
(1, -90, -140)
(1, -90, -139)
(0, -89, -138)
(1, -89, -138)
(1, -89, -137)
(0, -89, -136)
(1, -90, -136)
(1, -90, -135)
(1, -90, -134)
(1, -90, -133)
(1, -90, -132)
(0, -89, -131)
(1, -89, -132)
(0, -88, -131)
(1, -88, -132)
(1, -88, -133)
(0, -88, -133)
(1, -89, -134)
(1, -89, -135)
(0, -88, -135)
(1, -88, -136)
(1, -88, -137)
(0, -87, -137)
(0, -87, -138)
(1, -88, -139)
(0, -88, -139)
(0, -88, -140)
(0, -88, -141)
(1, -88, -142)
(1, -88, -143)
(0, -88, -143)
(1, -89, -143)
(0, -89, -143)
(1, -90, -144)
(0, -90, -143)
(1, -91, -143)
(0, -91, -142)
(1, -92, -142)
(0, -92, -141)
(0, -92, -140)
(1, -93, -140)
(1, -93, -139)
(0, -93, -138)
(1, -94, -138)
(0, -94, -138)
(1, -95, -139)
(1, -95, -140)
(1, -95, -141)
(1, -95, -142)
(0, -94, -142)
(0, -94, -143)
(1, -95, -144)
(1, -95, -145)
(1, -95, -146)
(1, -95, -147)
(0, -94, -147)
(1, -94, -148)
(0, -93, -147)
(1, -93, -148)
(0, -92, -147)
(0, -92, -146)
(1, -92, -146)
(0, -91, -146)
(1, -91, -147)
(0, -90, -146)
(1, -90, -146)
(0, -89, -145)
(1, -89, -145)
(0, -88, -145)
(0, -88, -146)
(1, -88, -147)
(0, -87, -146)
(1, -87, -147)
(1, -87, -148)
(0, -87, -148)
(1, -88, -149)
(0, -88, -148)
(1, -89, -149)
(0, -89, -148)
(1, -90, -148)
(0, -90, -148)
(1, -91, -149)
(1, -91, -150)
(1, -91, -151)
(1, -91, -152)
(0, -90, -152)
(1, -90, -153)
(1, -90, -154)
(0, -89, -154)
(0, -89, -155)
(1, -90, -156)
(0, -90, -155)
(1, -91, -155)
(0, -91, -154)
(1, -92, -155)
(0, -92, -155)
(0, -92, -156)
(0, -92, -157)
(0, -92, -158)
(0, -92, -159)
(1, -93, -160)
(0, -93, -159)
(0, -93, -158)
(0, -93, -157)
(0, -93, -156)
(0, -93, -155)
(1, -94, -155)
(0, -94, -154)
(0, -94, -153)
(1, -94, -153)
(1, -94, -152)
(1, -94, -151)
(0, -94, -150)
(1, -95, -151)
(0, -95, -150)
(0, -95, -149)
(0, -95, -148)
(1, -96, -148)
(1, -96, -147)
(0, -96, -146)
(1, -97, -146)
(0, -97, -145)
(1, -98, -146)
(1, -98, -147)
(1, -98, -148)
(0, -98, -148)
(1, -99, -148)
(0, -99, -148)
(1, -100, -148)
(0, -100, -148)
(0, -100, -149)
(0, -100, -150)
(0, -100, -151)
(0, -100, -152)
(1, -100, -153)
(1, -100, -154)
(0, -99, -154)
(0, -99, -155)
(1, -100, -156)
(1, -100, -157)
(1, -100, -158)
(0, -100, -158)
(0, -100, -159)
(1, -100, -160)
(1, -100, -161)
(1, -100, -162)
(0, -99, -162)
(1, -99, -163)
(1, -99, -164)
(0, -99, -164)
(0, -99, -165)
(1, -99, -166)
(1, -99, -167)
(0, -98, -167)
(0, -98, -168)
(0, -98, -169)
(1, -99, -170)
(1, -99, -171)
(0, -98, -171)
(0, -98, -172)
(0, -98, -173)
(0, -98, -174)
(0, -98, -175)
(0, -98, -176)
(1, -98, -177)
(0, -97, -176)
(1, -97, -177)
(0, -96, -177)
(1, -96, -177)
(0, -95, -176)
(1, -95, -177)
(0, -94, -177)
(1, -94, -178)
(0, -93, -177)
(1, -93, -177)
(0, -92, -176)
(1, -92, -177)
(0, -91, -176)
(0, -91, -175)
(1, -91, -175)
(0, -90, -175)
(0, -90, -176)
(1, -90, -177)
(1, -90, -178)
(0, -90, -178)
(1, -91, -178)
(0, -91, -178)
(0, -91, -179)
(1, -91, -180)
(1, -91, -181)
(1, -91, -182)
(0, -90, -182)
(0, -90, -183)
(0, -90, -184)
(1, -91, -185)
(0, -91, -184)
(1, -92, -184)
(0, -92, -183)
(0, -92, -182)
(1, -92, -182)
(1, -92, -181)
(0, -92, -180)
(1, -93, -181)
(0, -93, -181)
(1, -94, -181)
(0, -94, -180)
(0, -94, -179)
(1, -95, -179)
(0, -95, -179)
(1, -96, -179)
(0, -96, -179)
(1, -97, -179)
(0, -97, -178)
(1, -98, -179)
(1, -98, -180)
(1, -98, -181)
(0, -98, -181)
(1, -99, -181)
(1, -99, -180)
(0, -99, -179)
(0, -99, -178)
(1, -100, -178)
(0, -100, -178)
(0, -100, -179)
(0, -100, -180)
(0, -100, -181)
(0, -100, -182)
(1, -100, -183)
(0, -99, -182)
(1, -99, -183)
(1, -99, -184)
(0, -98, -184)
(1, -98, -184)
(1, -98, -183)
(0, -97, -182)
(1, -97, -182)
(0, -96, -182)
(1, -96, -183)
(0, -95, -183)
(0, -95, -184)
(1, -95, -185)
(1, -95, -186)
(1, -95, -187)
(0, -95, -187)
(0, -95, -188)
(1, -96, -189)
(1, -96, -190)
(0, -95, -190)
(1, -95, -191)
(0, -94, -190)
(1, -94, -190)
(0, -93, -190)
(1, -93, -191)
(1, -93, -192)
(0, -93, -192)
(0, -93, -193)
(0, -93, -194)
(1, -93, -195)
(1, -93, -196)
(1, -93, -197)
(0, -92, -197)
(1, -92, -198)
(1, -92, -199)
(0, -91, -199)
(1, -91, -199)
(0, -90, -198)
(1, -90, -199)
(1, -90, -200)
(0, -89, -200)
(1, -89, -200)
(0, -88, -200)
(1, -88, -200)
(0, -87, -200)
(1, -87, -200)
(0, -86, -200)
(1, -86, -200)
(1, -86, -199)
(0, -86, -198)
(1, -87, -198)
(0, -87, -197)
(1, -88, -198)
(0, -88, -198)
(1, -89, -198)
(0, -89, -197)
(1, -90, -197)
(0, -90, -196)
(1, -91, -197)
(0, -91, -196)
(1, -92, -196)
(1, -92, -195)
(1, -92, -194)
(1, -92, -193)
(0, -91, -192)
(0, -91, -191)
(1, -92, -191)
(1, -92, -190)
(0, -92, -189)
(0, -92, -188)
(0, -92, -187)
(1, -92, -187)
(0, -91, -186)
(1, -91, -187)
(0, -90, -187)
(1, -90, -187)
(0, -89, -186)
(0, -89, -185)
(0, -89, -184)
(0, -89, -183)
(1, -89, -183)
(0, -88, -183)
(0, -88, -184)
(0, -88, -185)
(1, -88, -186)
(0, -87, -185)
(1, -87, -185)
(0, -86, -184)
(1, -86, -184)
(1, -86, -183)
(0, -85, -182)
(1, -85, -183)
(0, -84, -183)
(1, -84, -183)
(0, -83, -183)
(0, -83, -184)
(0, -83, -185)
(1, -83, -186)
(0, -82, -185)
(1, -82, -186)
(0, -81, -185)
(0, -81, -184)
(1, -82, -184)
(0, -82, -183)
(0, -82, -182)
(1, -83, -182)
(1, -83, -181)
(0, -82, -180)
(1, -82, -181)
(0, -81, -180)
(1, -81, -181)
(0, -80, -180)
(1, -80, -181)
(1, -80, -182)
(0, -79, -182)
(0, -79, -183)
(0, -79, -184)
(1, -80, -185)
(1, -80, -186)
(0, -80, -186)
(0, -80, -187)
(1, -81, -188)
(1, -81, -189)
(0, -81, -189)
(0, -81, -190)
(0, -81, -191)
(0, -81, -192)
(0, -81, -193)
(1, -82, -194)
(0, -82, -194)
(0, -82, -195)
(0, -82, -196)
(1, -83, -197)
(0, -83, -197)
(0, -83, -198)
(0, -83, -199)
(1, -83, -200)
(0, -82, -200)
(1, -82, -200)
(0, -81, -200)
(1, -81, -200)
(0, -80, -200)
(1, -80, -200)
(1, -80, -199)
(1, -80, -198)
(1, -80, -197)
(1, -80, -196)
(0, -79, -195)
(1, -79, -196)
(0, -78, -195)
(1, -78, -195)
(1, -78, -194)
(1, -78, -193)
(0, -78, -192)
(1, -79, -192)
(0, -79, -191)
(1, -80, -191)
(1, -80, -190)
(1, -80, -189)
(0, -79, -188)
(0, -79, -187)
(1, -79, -187)
(0, -78, -187)
(1, -78, -188)
(0, -77, -188)
(1, -77, -189)
(0, -76, -188)
(0, -76, -187)
(1, -76, -187)
(0, -75, -186)
(0, -75, -185)
(1, -75, -185)
(0, -74, -184)
(1, -74, -185)
(0, -73, -184)
(0, -73, -183)
(0, -73, -182)
(1, -73, -182)
(1, -73, -181)
(1, -73, -180)
(1, -73, -179)
(1, -73, -178)
(0, -72, -177)
(1, -72, -178)
(0, -71, -177)
(1, -71, -177)
(1, -71, -176)
(0, -70, -175)
(0, -70, -174)
(1, -70, -174)
(0, -69, -174)
(1, -69, -175)
(0, -68, -175)
(1, -68, -176)
(0, -67, -176)
(0, -67, -177)
(1, -67, -178)
(0, -66, -177)
(1, -66, -178)
(0, -65, -177)
(1, -65, -177)
(0, -64, -177)
(1, -64, -177)
(0, -63, -177)
(1, -63, -178)
(1, -63, -179)
(0, -62, -179)
(1, -62, -179)
(1, -62, -178)
(0, -61, -177)
(1, -61, -178)
(0, -60, -177)
(0, -60, -176)
(0, -60, -175)
(1, -61, -175)
(1, -61, -174)
(1, -61, -173)
(1, -61, -172)
(0, -60, -171)
(0, -60, -170)
(1, -60, -170)
(1, -60, -169)
(0, -60, -168)
(1, -61, -168)
(0, -61, -168)
(0, -61, -169)
(1, -62, -170)
(0, -62, -170)
(1, -63, -170)
(1, -63, -169)
(0, -62, -168)
(0, -62, -167)
(1, -63, -167)
(0, -63, -166)
(0, -63, -165)
(1, -63, -165)
(0, -62, -165)
(1, -62, -166)
(0, -61, -166)
(1, -61, -166)
(0, -60, -166)
(1, -60, -166)
(0, -59, -166)
(1, -59, -167)
(0, -58, -166)
(1, -58, -166)
(0, -57, -166)
(1, -57, -166)
(0, -56, -165)
(1, -56, -166)
(1, -56, -167)
(0, -55, -167)
(1, -55, -167)
(0, -54, -167)
(1, -54, -167)
(0, -53, -166)
(1, -53, -166)
(0, -52, -166)
(1, -52, -167)
(1, -52, -168)
(1, -52, -169)
(1, -52, -170)
(0, -52, -170)
(1, -53, -171)
(0, -53, -171)
(0, -53, -172)
(1, -53, -173)
(0, -52, -173)
(0, -52, -174)
(1, -53, -175)
(0, -53, -175)
(1, -54, -176)
(0, -54, -176)
(1, -55, -177)
(0, -55, -177)
(1, -56, -177)
(1, -56, -176)
(0, -55, -175)
(0, -55, -174)
(1, -55, -174)
(0, -54, -173)
(0, -54, -172)
(1, -55, -172)
(0, -55, -171)
(0, -55, -170)
(1, -56, -170)
(0, -56, -170)
(1, -57, -171)
(0, -57, -170)
(0, -57, -169)
(0, -57, -168)
(1, -58, -168)
(0, -58, -168)
(1, -59, -169)
(1, -59, -170)
(0, -58, -170)
(0, -58, -171)
(1, -58, -172)
(1, -58, -173)
(0, -58, -173)
(1, -59, -174)
(1, -59, -175)
(1, -59, -176)
(0, -59, -176)
(0, -59, -177)
(0, -59, -178)
(0, -59, -179)
(1, -60, -180)
(0, -60, -179)
(1, -61, -180)
(0, -61, -180)
(1, -62, -181)
(0, -62, -181)
(1, -63, -181)
(0, -63, -180)
(1, -64, -180)
(0, -64, -180)
(0, -64, -181)
(1, -64, -182)
(0, -63, -182)
(1, -63, -183)
(0, -62, -183)
(0, -62, -184)
(0, -62, -185)
(0, -62, -186)
(0, -62, -187)
(1, -62, -188)
(1, -62, -189)
(1, -62, -190)
(0, -62, -190)
(1, -63, -190)
(1, -63, -189)
(0, -63, -188)
(0, -63, -187)
(1, -64, -187)
(1, -64, -186)
(0, -63, -185)
(0, -63, -184)
(1, -64, -184)
(0, -64, -184)
(1, -65, -185)
(0, -65, -185)
(1, -66, -185)
(0, -66, -185)
(1, -67, -186)
(0, -67, -185)
(1, -68, -186)
(1, -68, -187)
(1, -68, -188)
(0, -68, -188)
(1, -69, -188)
(0, -69, -188)
(0, -69, -189)
(0, -69, -190)
(1, -70, -191)
(1, -70, -192)
(1, -70, -193)
(1, -70, -194)
(1, -70, -195)
(1, -70, -196)
(0, -70, -196)
(1, -71, -196)
(1, -71, -195)
(0, -71, -194)
(0, -71, -193)
(0, -71, -192)
(1, -71, -192)
(1, -71, -191)
(1, -71, -190)
(0, -70, -189)
(0, -70, -188)
(1, -71, -188)
(1, -71, -187)
(0, -71, -186)
(1, -72, -186)
(0, -72, -186)
(1, -73, -186)
(0, -73, -186)
(0, -73, -187)
(1, -73, -188)
(1, -73, -189)
(0, -73, -189)
(1, -74, -190)
(1, -74, -191)
(1, -74, -192)
(0, -74, -192)
(1, -75, -192)
(0, -75, -192)
(1, -76, -193)
(0, -76, -193)
(1, -77, -194)
(1, -77, -195)
(1, -77, -196)
(0, -76, -196)
(1, -76, -197)
(0, -75, -197)
(1, -75, -198)
(0, -74, -198)
(1, -74, -198)
(1, -74, -197)
(1, -74, -196)
(0, -73, -195)
(1, -73, -196)
(0, -72, -195)
(1, -72, -196)
(1, -72, -197)
(1, -72, -198)
(0, -71, -198)
(1, -71, -198)
(0, -70, -198)
(1, -70, -199)
(0, -69, -199)
(1, -69, -200)
(0, -68, -200)
(1, -68, -200)
(0, -67, -200)
(1, -67, -200)
(0, -66, -200)
(1, -66, -200)
(1, -66, -199)
(0, -65, -198)
(1, -65, -199)
(0, -64, -198)
(1, -64, -198)
(1, -64, -197)
(0, -64, -196)
(1, -65, -197)
(0, -65, -196)
(1, -66, -197)
(0, -66, -197)
(1, -67, -197)
(0, -67, -197)
(1, -68, -197)
(1, -68, -196)
(0, -67, -195)
(0, -67, -194)
(1, -67, -194)
(1, -67, -193)
(0, -67, -192)
(1, -68, -192)
(1, -68, -191)
(0, -67, -190)
(1, -67, -190)
(1, -67, -189)
(1, -67, -188)
(0, -66, -187)
(1, -66, -188)
(0, -65, -187)
(1, -65, -188)
(1, -65, -189)
(1, -65, -190)
(0, -64, -190)
(1, -64, -191)
(0, -63, -191)
(0, -63, -192)
(1, -63, -193)
(0, -62, -193)
(0, -62, -194)
(1, -62, -195)
(0, -61, -194)
(0, -61, -193)
(0, -61, -192)
(1, -61, -192)
(0, -60, -191)
(1, -60, -191)
(0, -59, -191)
(0, -59, -192)
(0, -59, -193)
(1, -59, -194)
(0, -58, -193)
(1, -58, -193)
(0, -57, -192)
(0, -57, -191)
(0, -57, -190)
(1, -57, -190)
(1, -57, -189)
(0, -57, -188)
(0, -57, -187)
(1, -57, -187)
(0, -56, -186)
(0, -56, -185)
(1, -57, -185)
(0, -57, -184)
(1, -58, -185)
(1, -58, -186)
(0, -58, -186)
(1, -59, -186)
(1, -59, -185)
(1, -59, -184)
(0, -59, -183)
(0, -59, -182)
(0, -59, -181)
(1, -59, -181)
(0, -58, -180)
(1, -58, -180)
(0, -57, -179)
(1, -57, -180)
(0, -56, -180)
(0, -56, -181)
(0, -56, -182)
(1, -56, -183)
(0, -55, -183)
(1, -55, -183)
(0, -54, -183)
(1, -54, -183)
(0, -53, -182)
(1, -53, -183)
(1, -53, -184)
(0, -52, -184)
(0, -52, -185)
(0, -52, -186)
(1, -52, -187)
(1, -52, -188)
(1, -52, -189)
(0, -51, -189)
(1, -51, -190)
(0, -50, -190)
(0, -50, -191)
(1, -51, -192)
(1, -51, -193)
(0, -50, -193)
(1, -50, -194)
(0, -49, -193)
(1, -49, -193)
(0, -48, -192)
(0, -48, -191)
(0, -48, -190)
(1, -49, -190)
(0, -49, -189)
(1, -50, -189)
(1, -50, -188)
(1, -50, -187)
(0, -49, -186)
(1, -49, -187)
(0, -48, -186)
(0, -48, -185)
(1, -49, -185)
(0, -49, -184)
(1, -50, -185)
(0, -50, -184)
(1, -51, -185)
(0, -51, -184)
(0, -51, -183)
(1, -51, -183)
(0, -50, -182)
(1, -50, -183)
(0, -49, -182)
(0, -49, -181)
(1, -50, -181)
(0, -50, -180)
(0, -50, -179)
(1, -51, -179)
(0, -51, -178)
(0, -51, -177)
(1, -51, -177)
(0, -50, -177)
(1, -50, -177)
(0, -49, -176)
(0, -49, -175)
(1, -49, -175)
(1, -49, -174)
(0, -48, -173)
(0, -48, -172)
(0, -48, -171)
(0, -48, -170)
(0, -48, -169)
(0, -48, -168)
(1, -49, -168)
(0, -49, -168)
(0, -49, -169)
(1, -50, -170)
(0, -50, -169)
(1, -51, -169)
(1, -51, -168)
(1, -51, -167)
(0, -50, -166)
(0, -50, -165)
(0, -50, -164)
(1, -51, -164)
(0, -51, -164)
(1, -52, -164)
(0, -52, -163)
(0, -52, -162)
(0, -52, -161)
(0, -52, -160)
(1, -52, -160)
(0, -51, -160)
(0, -51, -161)
(1, -51, -162)
(0, -50, -162)
(1, -50, -163)
(0, -49, -162)
(0, -49, -161)
(1, -50, -161)
(0, -50, -160)
(0, -50, -159)
(1, -50, -159)
(0, -49, -159)
(1, -49, -160)
(0, -48, -159)
(1, -48, -160)
(0, -47, -159)
(1, -47, -160)
(0, -46, -160)
(1, -46, -160)
(0, -45, -160)
(1, -45, -160)
(1, -45, -159)
(0, -45, -158)
(1, -46, -158)
(0, -46, -157)
(0, -46, -156)
(1, -47, -156)
(0, -47, -156)
(1, -48, -156)
(0, -48, -156)
(1, -49, -157)
(0, -49, -156)
(0, -49, -155)
(1, -50, -155)
(0, -50, -154)
(0, -50, -153)
(1, -50, -153)
(1, -50, -152)
(0, -50, -151)
(1, -51, -152)
(0, -51, -152)
(1, -52, -152)
(0, -52, -152)
(1, -53, -152)
(1, -53, -151)
(0, -52, -150)
(0, -52, -149)
(1, -53, -149)
(1, -53, -148)
(1, -53, -147)
(1, -53, -146)
(0, -53, -145)
(0, -53, -144)
(0, -53, -143)
(1, -54, -143)
(1, -54, -142)
(0, -54, -141)
(1, -55, -141)
(0, -55, -141)
(1, -56, -142)
(1, -56, -143)
(0, -56, -143)
(0, -56, -144)
(0, -56, -145)
(0, -56, -146)
(0, -56, -147)
(1, -56, -148)
(0, -55, -148)
(1, -55, -148)
(0, -54, -147)
(1, -54, -148)
(1, -54, -149)
(1, -54, -150)
(0, -54, -150)
(1, -55, -150)
(0, -55, -150)
(0, -55, -151)
(1, -56, -152)
(1, -56, -153)
(1, -56, -154)
(0, -56, -154)
(0, -56, -155)
(1, -57, -156)
(0, -57, -156)
(1, -58, -157)
(0, -58, -156)
(1, -59, -156)
(0, -59, -155)
(1, -60, -156)
(0, -60, -155)
(1, -61, -156)
(1, -61, -157)
(1, -61, -158)
(0, -61, -158)
(0, -61, -159)
(1, -62, -160)
(0, -62, -160)
(1, -63, -161)
(0, -63, -161)
(1, -64, -162)
(0, -64, -162)
(0, -64, -163)
(1, -65, -164)
(1, -65, -165)
(0, -64, -165)
(0, -64, -166)
(0, -64, -167)
(1, -64, -168)
(1, -64, -169)
(1, -64, -170)
(1, -64, -171)
(1, -64, -172)
(1, -64, -173)
(0, -63, -173)
(0, -63, -174)
(1, -64, -175)
(0, -64, -174)
(1, -65, -175)
(0, -65, -174)
(1, -66, -175)
(0, -66, -174)
(0, -66, -173)
(0, -66, -172)
(0, -66, -171)
(1, -66, -171)
(1, -66, -170)
(1, -66, -169)
(0, -65, -168)
(0, -65, -167)
(1, -66, -167)
(0, -66, -166)
(0, -66, -165)
(1, -66, -165)
(1, -66, -164)
(0, -66, -163)
(0, -66, -162)
(1, -66, -162)
(1, -66, -161)
(0, -65, -160)
(0, -65, -159)
(1, -66, -159)
(0, -66, -158)
(1, -67, -158)
(0, -67, -158)
(1, -68, -159)
(0, -68, -158)
(0, -68, -157)
(1, -68, -157)
(0, -67, -156)
(1, -67, -156)
(0, -66, -156)
(1, -66, -156)
(1, -66, -155)
(0, -65, -154)
(1, -65, -155)
(1, -65, -156)
(0, -64, -156)
(1, -64, -156)
(0, -63, -155)
(0, -63, -154)
(1, -64, -154)
(0, -64, -153)
(0, -64, -152)
(0, -64, -151)
(0, -64, -150)
(1, -64, -150)
(0, -63, -150)
(1, -63, -151)
(0, -62, -150)
(0, -62, -149)
(1, -62, -149)
(1, -62, -148)
(0, -61, -147)
(0, -61, -146)
(1, -61, -146)
(1, -61, -145)
(0, -61, -144)
(0, -61, -143)
(1, -62, -143)
(1, -62, -142)
(0, -62, -141)
(1, -63, -141)
(0, -63, -140)
(1, -64, -141)
(0, -64, -141)
(0, -64, -142)
(1, -65, -143)
(0, -65, -142)
(1, -66, -142)
(0, -66, -142)
(1, -67, -142)
(1, -67, -141)
(1, -67, -140)
(0, -67, -139)
(1, -68, -140)
(0, -68, -140)
(1, -69, -140)
(0, -69, -139)
(0, -69, -138)
(0, -69, -137)
(1, -70, -137)
(0, -70, -137)
(0, -70, -138)
(1, -71, -139)
(1, -71, -140)
(0, -70, -140)
(0, -70, -141)
(1, -71, -142)
(1, -71, -143)
(0, -71, -143)
(1, -72, -144)
(0, -72, -143)
(0, -72, -142)
(1, -73, -142)
(1, -73, -141)
(0, -73, -140)
(0, -73, -139)
(1, -73, -139)
(0, -72, -138)
(1, -72, -138)
(1, -72, -137)
(1, -72, -136)
(0, -72, -135)
(1, -73, -136)
(1, -73, -137)
(0, -73, -137)
(1, -74, -137)
(0, -74, -136)
(1, -75, -137)
(1, -75, -138)
(0, -75, -138)
(0, -75, -139)
(1, -75, -140)
(1, -75, -141)
(0, -74, -141)
(1, -74, -142)
(1, -74, -143)
(1, -74, -144)
(0, -73, -144)
(1, -73, -145)
(0, -72, -145)
(0, -72, -146)
(1, -72, -147)
(0, -71, -147)
(1, -71, -148)
(0, -70, -147)
(1, -70, -148)
(1, -70, -149)
(1, -70, -150)
(0, -70, -150)
(1, -71, -150)
(0, -71, -149)
(1, -72, -149)
(0, -72, -148)
(1, -73, -148)
(0, -73, -148)
(1, -74, -149)
(1, -74, -150)
(0, -73, -150)
(0, -73, -151)
(1, -73, -152)
(1, -73, -153)
(0, -73, -153)
(1, -74, -154)
(0, -74, -153)
(0, -74, -152)
(0, -74, -151)
(1, -75, -151)
(0, -75, -151)
(0, -75, -152)
(1, -76, -153)
(1, -76, -154)
(0, -75, -154)
(1, -75, -155)
(1, -75, -156)
(0, -75, -156)
(0, -75, -157)
(1, -76, -158)
(1, -76, -159)
(0, -75, -159)
(0, -75, -160)
(0, -75, -161)
(1, -75, -162)
(1, -75, -163)
(0, -75, -163)
(1, -76, -164)
(1, -76, -165)
(1, -76, -166)
(0, -75, -166)
(1, -75, -167)
(0, -74, -166)
(1, -74, -167)
(1, -74, -168)
(0, -74, -168)
(0, -74, -169)
(1, -75, -170)
(1, -75, -171)
(0, -74, -171)
(0, -74, -172)
(1, -74, -173)
(0, -73, -172)
(0, -73, -171)
(0, -73, -170)
(1, -73, -170)
(0, -72, -170)
(1, -72, -171)
(0, -71, -170)
(1, -71, -171)
(1, -71, -172)
(0, -71, -172)
(0, -71, -173)
(0, -71, -174)
(1, -72, -175)
(0, -72, -175)
(1, -73, -176)
(0, -73, -175)
(1, -74, -176)
(0, -74, -175)
(1, -75, -175)
(0, -75, -175)
(1, -76, -175)
(0, -76, -175)
(1, -77, -176)
(0, -77, -176)
(1, -78, -176)
(0, -78, -176)
(1, -79, -177)
(0, -79, -176)
(1, -80, -177)
(0, -80, -177)
(1, -81, -178)
(0, -81, -178)
(1, -82, -179)
(0, -82, -178)
(1, -83, -178)
(1, -83, -177)
(0, -82, -176)
(1, -82, -177)
(0, -81, -176)
(1, -81, -176)
(1, -81, -175)
(0, -81, -174)
(1, -82, -174)
(0, -82, -173)
(0, -82, -172)
(1, -83, -172)
(1, -83, -171)
(1, -83, -170)
(0, -82, -169)
(1, -82, -169)
(0, -81, -169)
(1, -81, -170)
(1, -81, -171)
(0, -81, -171)
(0, -81, -172)
(1, -81, -173)
(0, -80, -173)
(1, -80, -174)
(0, -79, -173)
(1, -79, -173)
(1, -79, -172)
(0, -79, -171)
(1, -80, -171)
(1, -80, -170)
(0, -79, -169)
(0, -79, -168)
(0, -79, -167)
(1, -80, -167)
(1, -80, -166)
(0, -80, -165)
(1, -81, -165)
(0, -81, -164)
(1, -82, -165)
(0, -82, -164)
(1, -83, -165)
(0, -83, -165)
(0, -83, -166)
(0, -83, -167)
(1, -84, -168)
(0, -84, -167)
(0, -84, -166)
(0, -84, -165)
(1, -85, -165)
(1, -85, -164)
(0, -85, -163)
(1, -86, -164)
(0, -86, -164)
(1, -87, -165)
(0, -87, -164)
(1, -88, -165)
(0, -88, -164)
(1, -89, -164)
(0, -89, -163)
(0, -89, -162)
(1, -90, -162)
(0, -90, -161)
(1, -91, -162)
(0, -91, -162)
(1, -92, -163)
(0, -92, -163)
(1, -93, -163)
(1, -93, -162)
(0, -93, -161)
(1, -94, -161)
(0, -94, -160)
(0, -94, -159)
(1, -95, -159)
(1, -95, -158)
(0, -94, -157)
(0, -94, -156)
(1, -95, -156)
(0, -95, -156)
(1, -96, -157)
(1, -96, -158)
(0, -96, -158)
(0, -96, -159)
(0, -96, -160)
(1, -96, -161)
(1, -96, -162)
(1, -96, -163)
(1, -96, -164)
(0, -96, -164)
(1, -97, -164)
(0, -97, -163)
(1, -98, -164)
(1, -98, -165)
(0, -97, -165)
(1, -97, -166)
(0, -96, -166)
(1, -96, -167)
(0, -95, -166)
(1, -95, -166)
(0, -94, -165)
(1, -94, -166)
(0, -93, -165)
(1, -93, -166)
(1, -93, -167)
(0, -93, -167)
(1, -94, -168)
(0, -94, -167)
(1, -95, -168)
(0, -95, -168)
(1, -96, -169)
(1, -96, -170)
(1, -96, -171)
(1, -96, -172)
(0, -95, -172)
(1, -95, -173)
(0, -94, -172)
(0, -94, -171)
(1, -95, -171)
(1, -95, -170)
(0, -94, -169)
(1, -94, -170)
(0, -93, -170)
(1, -93, -171)
(0, -92, -170)
(0, -92, -169)
(1, -92, -169)
(1, -92, -168)
(1, -92, -167)
(0, -91, -166)
(1, -91, -167)
(0, -90, -167)
(0, -90, -168)
(0, -90, -169)
(1, -91, -170)
(0, -91, -170)
(0, -91, -171)
(1, -91, -172)
(0, -90, -171)
(1, -90, -171)
(0, -89, -171)
(1, -89, -171)
(0, -88, -171)
(1, -88, -171)
(0, -87, -171)
(1, -87, -172)
(0, -86, -172)
(0, -86, -173)
(1, -86, -174)
(1, -86, -175)
(1, -86, -176)
(0, -86, -176)
(1, -87, -176)
(0, -87, -175)
(1, -88, -175)
(0, -88, -175)
(0, -88, -176)
(1, -89, -177)
(1, -89, -178)
(1, -89, -179)
(0, -88, -179)
(1, -88, -179)
(0, -87, -178)
(1, -87, -179)
(1, -87, -180)
(0, -86, -180)
(1, -86, -180)
(0, -85, -179)
(0, -85, -178)
(1, -85, -178)
(1, -85, -177)
(1, -85, -176)
(1, -85, -175)
(0, -84, -174)
(1, -84, -175)
(1, -84, -176)
(1, -84, -177)
(1, -84, -178)
(1, -84, -179)
(1, -84, -180)
(1, -84, -181)
