(0, -23, 129)
(1, -24, 129)
(1, -24, 130)
(0, -23, 131)
(0, -23, 132)
(1, -24, 132)
(0, -24, 133)
(1, -25, 133)
(0, -25, 133)
(1, -26, 133)
(0, -26, 133)
(1, -27, 133)
(0, -27, 133)
(1, -28, 132)
(0, -28, 133)
(0, -28, 134)
(1, -29, 134)
(0, -29, 135)
(1, -30, 135)
(0, -30, 135)
(1, -31, 135)
(0, -31, 136)
(0, -31, 137)
(1, -31, 137)
(1, -31, 138)
(1, -31, 139)
(0, -31, 140)
(1, -32, 139)
(0, -32, 140)
(0, -32, 141)
(1, -32, 141)
(0, -31, 142)
(1, -31, 141)
(0, -30, 142)
(1, -30, 142)
(0, -29, 142)
(1, -29, 141)
(0, -28, 141)
(0, -28, 140)
(0, -28, 139)
(1, -28, 138)
(1, -28, 137)
(0, -27, 137)
(1, -27, 137)
(0, -26, 137)
(1, -26, 137)
(0, -25, 138)
(1, -25, 137)
(0, -24, 138)
(1, -24, 137)
(0, -23, 137)
(0, -23, 136)
(0, -23, 135)
(1, -23, 134)
(1, -23, 133)
(0, -22, 133)
(1, -22, 132)
(0, -21, 132)
(0, -21, 131)
(0, -21, 130)
(1, -21, 129)
(0, -20, 130)
(1, -20, 129)
(0, -19, 130)
(1, -19, 129)
(1, -19, 128)
(0, -18, 128)
(0, -18, 127)
(1, -19, 126)
(0, -19, 126)
(1, -20, 126)
(0, -20, 126)
(1, -21, 126)
(0, -21, 126)
(0, -21, 125)
(0, -21, 124)
(1, -22, 123)
(0, -22, 124)
(1, -23, 123)
(0, -23, 123)
(1, -24, 122)
(0, -24, 123)
(1, -25, 123)
(0, -25, 123)
(0, -25, 122)
(1, -25, 121)
(1, -25, 120)
(0, -24, 120)
(1, -24, 119)
(1, -24, 118)
(0, -24, 118)
(1, -25, 118)
(0, -25, 119)
(1, -26, 118)
(0, -26, 119)
(1, -27, 118)
(1, -27, 117)
(1, -27, 116)
(0, -27, 116)
(1, -28, 115)
(0, -28, 115)
(0, -28, 114)
(1, -28, 113)
(0, -27, 114)
(1, -27, 113)
(0, -26, 113)
(1, -26, 113)
(0, -25, 114)
(1, -25, 113)
(0, -24, 113)
(1, -24, 113)
(0, -23, 114)
(1, -23, 113)
(1, -23, 112)
(0, -22, 112)
(0, -22, 111)
(1, -22, 110)
(0, -21, 111)
(0, -21, 112)
(1, -21, 112)
(1, -21, 113)
(0, -21, 114)
(1, -22, 114)
(0, -22, 115)
(1, -23, 115)
(0, -23, 116)
(0, -23, 117)
(1, -23, 117)
(1, -23, 118)
(1, -23, 119)
(0, -22, 120)
(1, -22, 120)
(0, -21, 121)
(1, -21, 121)
(0, -20, 122)
(1, -20, 121)
(0, -19, 121)
(1, -19, 121)
(0, -18, 122)
(1, -18, 122)
(0, -17, 122)
(1, -17, 121)
(0, -16, 122)
(0, -16, 123)
(0, -16, 124)
(1, -16, 124)
(0, -15, 124)
(0, -15, 123)
(1, -15, 122)
(1, -15, 121)
(0, -14, 121)
(0, -14, 120)
(1, -15, 119)
(1, -15, 118)
(1, -15, 117)
(0, -15, 117)
(1, -16, 116)
(1, -16, 115)
(0, -16, 115)
(1, -17, 115)
(0, -17, 115)
(0, -17, 114)
(0, -17, 113)
(0, -17, 112)
(1, -18, 111)
(1, -18, 110)
(1, -18, 109)
(0, -17, 109)
(1, -17, 108)
(1, -17, 107)
(1, -17, 106)
(0, -17, 106)
(1, -18, 105)
(0, -18, 105)
(1, -19, 105)
(0, -19, 105)
(1, -20, 104)
(0, -20, 105)
(1, -21, 104)
(0, -21, 105)
(1, -22, 105)
(0, -22, 105)
(0, -22, 104)
(1, -22, 103)
(0, -21, 103)
(0, -21, 102)
(0, -21, 101)
(1, -21, 100)
(0, -20, 101)
(1, -20, 101)
(1, -20, 102)
(0, -19, 103)
(1, -19, 103)
(0, -18, 103)
(1, -18, 103)
(0, -17, 104)
(1, -17, 104)
(0, -16, 105)
(1, -16, 104)
(0, -15, 104)
(0, -15, 103)
(1, -16, 102)
(1, -16, 101)
(0, -16, 101)
(1, -17, 100)
(0, -17, 101)
(1, -18, 100)
(0, -18, 100)
(1, -19, 99)
(1, -19, 98)
(1, -19, 97)
(0, -18, 97)
(1, -18, 96)
(0, -17, 96)
(1, -17, 96)
(0, -16, 97)
(1, -16, 97)
(0, -15, 98)
(1, -15, 98)
(1, -15, 99)
(1, -15, 100)
(1, -15, 101)
(0, -14, 102)
(1, -14, 102)
(1, -14, 103)
(0, -13, 104)
(0, -13, 105)
(0, -13, 106)
(1, -14, 106)
(0, -14, 107)
(1, -15, 106)
(0, -15, 107)
(0, -15, 108)
(0, -15, 109)
(0, -15, 110)
(0, -15, 111)
(0, -15, 112)
(1, -15, 112)
(1, -15, 113)
(0, -14, 114)
(0, -14, 115)
(1, -14, 115)
(0, -13, 116)
(1, -13, 116)
(1, -13, 117)
(1, -13, 118)
(1, -13, 119)
(0, -13, 120)
(0, -13, 121)
(1, -13, 121)
(0, -12, 122)
(0, -12, 123)
(1, -13, 123)
(1, -13, 124)
(0, -13, 125)
(0, -13, 126)
(1, -14, 126)
(1, -14, 127)
(0, -14, 128)
(0, -14, 129)
(1, -14, 129)
(0, -13, 129)
(1, -13, 128)
(0, -12, 129)
(0, -12, 130)
(1, -12, 130)
(1, -12, 131)
(0, -12, 132)
(1, -13, 132)
(1, -13, 133)
(1, -13, 134)
(0, -12, 135)
(0, -12, 136)
(1, -12, 136)
(0, -11, 136)
(0, -11, 135)
(1, -11, 134)
(1, -11, 133)
(0, -10, 133)
(0, -10, 132)
(0, -10, 131)
(0, -10, 130)
(0, -10, 129)
(1, -10, 128)
(1, -10, 127)
(0, -9, 127)
(0, -9, 126)
(1, -9, 125)
(0, -8, 126)
(1, -8, 126)
(1, -8, 127)
(0, -7, 128)
(0, -7, 129)
(1, -7, 129)
(1, -7, 130)
(0, -6, 131)
(1, -6, 131)
(0, -5, 131)
(0, -5, 130)
(0, -5, 129)
(1, -6, 128)
(0, -6, 128)
(0, -6, 127)
(1, -6, 126)
(0, -5, 127)
(1, -5, 126)
(1, -5, 125)
(0, -4, 125)
(1, -4, 124)
(0, -3, 124)
(1, -3, 123)
(1, -3, 122)
(1, -3, 121)
(1, -3, 120)
(0, -3, 120)
(1, -4, 120)
(1, -4, 121)
(1, -4, 122)
(0, -4, 123)
(1, -5, 122)
(0, -5, 122)
(1, -6, 122)
(0, -6, 123)
(0, -6, 124)
(0, -6, 125)
(1, -7, 125)
(0, -7, 125)
(1, -8, 124)
(1, -8, 123)
(0, -8, 123)
(1, -9, 122)
(0, -9, 122)
(1, -10, 122)
(0, -10, 122)
(0, -10, 121)
(0, -10, 120)
(1, -10, 119)
(1, -10, 118)
(0, -9, 118)
(1, -9, 117)
(0, -8, 118)
(1, -8, 118)
(1, -8, 119)
(0, -7, 120)
(1, -7, 120)
(0, -6, 120)
(1, -6, 119)
(0, -5, 119)
(1, -5, 118)
(0, -4, 119)
(1, -4, 118)
(0, -3, 118)
(0, -3, 117)
(1, -4, 116)
(0, -4, 116)
(1, -5, 115)
(0, -5, 116)
(1, -6, 115)
(0, -6, 116)
(1, -7, 116)
(0, -7, 116)
(1, -8, 115)
(0, -8, 115)
(1, -9, 115)
(0, -9, 115)
(1, -10, 115)
(1, -10, 116)
(0, -10, 117)
(1, -11, 116)
(1, -11, 115)
(1, -11, 114)
(1, -11, 113)
(0, -11, 113)
(0, -11, 112)
(1, -11, 111)
(0, -10, 111)
(1, -10, 110)
(0, -9, 110)
(0, -9, 109)
(1, -9, 108)
(1, -9, 107)
(1, -9, 106)
(0, -9, 106)
(1, -10, 106)
(0, -10, 107)
(0, -10, 108)
(0, -10, 109)
(1, -11, 109)
(0, -11, 109)
(0, -11, 108)
(0, -11, 107)
(0, -11, 106)
(0, -11, 105)
(0, -11, 104)
(1, -11, 103)
(0, -10, 103)
(1, -10, 103)
(0, -9, 103)
(1, -9, 103)
(0, -8, 103)
(1, -8, 103)
(0, -7, 104)
(1, -7, 103)
(0, -6, 103)
(1, -6, 103)
(0, -5, 103)
(0, -5, 102)
(1, -5, 101)
(1, -5, 100)
(1, -5, 99)
(0, -5, 99)
(1, -6, 99)
(1, -6, 100)
(0, -6, 101)
(1, -7, 100)
(0, -7, 100)
(1, -8, 100)
(0, -8, 101)
(1, -9, 101)
(0, -9, 101)
(0, -9, 100)
(1, -9, 99)
(1, -9, 98)
(0, -9, 98)
(1, -10, 97)
(1, -10, 96)
(0, -9, 96)
(1, -9, 96)
(0, -8, 97)
(1, -8, 97)
(0, -7, 98)
(1, -7, 97)
(0, -6, 97)
(1, -6, 96)
(0, -5, 97)
(1, -5, 96)
(1, -5, 95)
(1, -5, 94)
(0, -5, 94)
(0, -5, 93)
(1, -6, 92)
(0, -6, 92)
(1, -7, 92)
(1, -7, 93)
(0, -7, 94)
(1, -8, 94)
(0, -8, 94)
(0, -8, 93)
(1, -9, 92)
(1, -9, 91)
(0, -8, 91)
(1, -8, 91)
(0, -7, 91)
(0, -7, 90)
(1, -8, 89)
(0, -8, 89)
(1, -9, 89)
(0, -9, 89)
(1, -10, 88)
(0, -10, 89)
(1, -11, 89)
(0, -11, 90)
(1, -12, 89)
(0, -12, 89)
(0, -12, 88)
(1, -13, 87)
(1, -13, 86)
(1, -13, 85)
(1, -13, 84)
(0, -12, 84)
(1, -12, 83)
(0, -11, 84)
(1, -11, 83)
(0, -10, 83)
(1, -10, 83)
(0, -9, 84)
(1, -9, 83)
(1, -9, 82)
(0, -9, 82)
(1, -10, 81)
(1, -10, 80)
(0, -9, 80)
(1, -9, 79)
(0, -8, 80)
(1, -8, 80)
(1, -8, 81)
(0, -7, 82)
(1, -7, 82)
(1, -7, 83)
(0, -7, 84)
(1, -8, 84)
(0, -8, 85)
(0, -8, 86)
(0, -8, 87)
(1, -8, 87)
(0, -7, 88)
(1, -7, 87)
(0, -6, 88)
(1, -6, 88)
(0, -5, 89)
(0, -5, 90)
(1, -5, 90)
(0, -4, 90)
(1, -4, 89)
(1, -4, 88)
(0, -3, 88)
(1, -3, 87)
(0, -2, 87)
(1, -2, 87)
(0, -1, 87)
(0, -1, 86)
(0, -1, 85)
(0, -1, 84)
(0, -1, 83)
(1, -2, 82)
(0, -2, 83)
(1, -3, 82)
(1, -3, 81)
(0, -3, 81)
(0, -3, 80)
(1, -3, 79)
(1, -3, 78)
(0, -2, 78)
(0, -2, 77)
(1, -2, 76)
(0, -1, 77)
(1, -1, 76)
(0, 0, 76)
(1, 0, 76)
(1, 0, 77)
(0, 0, 78)
(1, -1, 78)
(1, -1, 79)
(0, -1, 80)
(0, -1, 81)
(1, -1, 81)
(0, 0, 82)
(0, 0, 83)
(0, 0, 84)
(1, 0, 84)
(0, 1, 84)
(0, 1, 83)
(0, 1, 82)
(1, 1, 81)
(1, 1, 80)
(0, 2, 80)
(0, 2, 79)
(0, 2, 78)
(1, 1, 77)
(1, 1, 76)
(0, 2, 76)
(1, 2, 76)
(0, 3, 77)
(1, 3, 76)
(0, 4, 77)
(0, 4, 78)
(1, 3, 78)
(0, 3, 79)
(0, 3, 80)
(1, 3, 80)
(0, 4, 80)
(1, 4, 80)
(0, 5, 81)
(1, 5, 81)
(1, 5, 82)
(0, 6, 83)
(0, 6, 84)
(0, 6, 85)
(1, 5, 85)
(0, 5, 85)
(0, 5, 84)
(1, 4, 83)
(1, 4, 82)
(0, 4, 82)
(1, 3, 82)
(1, 3, 83)
(1, 3, 84)
(0, 3, 85)
(1, 2, 84)
(0, 2, 85)
(0, 2, 86)
(1, 1, 86)
(0, 1, 86)
(1, 0, 86)
(0, 0, 87)
(0, 0, 88)
(1, -1, 88)
(0, -1, 89)
(1, -2, 89)
(0, -2, 90)
(0, -2, 91)
(1, -3, 91)
(1, -3, 92)
(0, -2, 93)
(1, -2, 92)
(0, -1, 93)
(1, -1, 92)
(0, 0, 93)
(1, 0, 92)
(1, 0, 91)
(0, 0, 91)
(0, 0, 90)
(1, 0, 89)
(0, 1, 90)
(1, 1, 90)
(0, 2, 90)
(1, 2, 89)
(0, 3, 89)
(0, 3, 88)
(1, 3, 87)
(0, 4, 88)
(1, 4, 88)
(0, 5, 89)
(1, 5, 88)
(0, 6, 89)
(0, 6, 90)
(1, 5, 90)
(0, 5, 91)
(1, 4, 90)
(0, 4, 91)
(1, 3, 91)
(1, 3, 92)
(0, 3, 93)
(1, 2, 92)
(0, 2, 92)
(1, 1, 92)
(1, 1, 93)
(0, 1, 94)
(0, 1, 95)
(1, 0, 95)
(1, 0, 96)
(0, 0, 97)
(0, 0, 98)
(1, -1, 98)
(0, -1, 98)
(0, -1, 97)
(1, -2, 96)
(0, -2, 96)
(1, -3, 95)
(0, -3, 96)
(1, -4, 96)
(1, -4, 97)
(0, -3, 98)
(0, -3, 99)
(1, -3, 99)
(0, -2, 99)
(1, -2, 99)
(1, -2, 100)
(0, -1, 101)
(0, -1, 102)
(1, -2, 102)
(1, -2, 103)
(0, -2, 104)
(1, -3, 103)
(0, -3, 104)
(0, -3, 105)
(1, -3, 105)
(0, -2, 106)
(1, -2, 106)
(0, -1, 106)
(1, -1, 105)
(1, -1, 104)
(0, 0, 104)
(1, 0, 103)
(0, 1, 103)
(1, 1, 102)
(1, 1, 101)
(1, 1, 100)
(0, 2, 100)
(0, 2, 99)
(1, 2, 98)
(1, 2, 97)
(0, 2, 97)
(0, 2, 96)
(1, 2, 95)
(0, 3, 95)
(1, 3, 95)
(0, 4, 96)
(0, 4, 97)
(1, 4, 97)
(0, 5, 98)
(0, 5, 99)
(0, 5, 100)
(1, 4, 100)
(1, 4, 101)
(0, 4, 102)
(1, 3, 102)
(0, 3, 102)
(1, 2, 102)
(1, 2, 103)
(0, 2, 104)
(0, 2, 105)
(1, 2, 105)
(0, 3, 106)
(1, 3, 106)
(0, 4, 106)
(1, 4, 106)
(0, 5, 106)
(0, 5, 105)
(1, 5, 104)
(1, 5, 103)
(1, 5, 102)
(0, 6, 102)
(1, 6, 101)
(0, 7, 102)
(0, 7, 103)
(1, 7, 103)
(0, 8, 104)
(0, 8, 105)
(0, 8, 106)
(1, 8, 106)
(1, 8, 107)
(0, 8, 108)
(1, 7, 107)
(0, 7, 108)
(0, 7, 109)
(1, 6, 109)
(0, 6, 109)
(1, 5, 109)
(0, 5, 109)
(1, 4, 109)
(0, 4, 110)
(1, 3, 109)
(1, 3, 108)
(0, 3, 108)
(1, 2, 108)
(0, 2, 109)
(1, 1, 108)
(0, 1, 109)
(1, 0, 109)
(0, 0, 110)
(1, -1, 110)
(1, -1, 111)
(0, 0, 112)
(1, 0, 111)
(0, 1, 111)
(1, 1, 110)
(0, 2, 111)
(1, 2, 110)
(0, 3, 111)
(1, 3, 111)
(0, 4, 112)
(1, 4, 112)
(0, 5, 113)
(0, 5, 114)
(0, 5, 115)
(0, 5, 116)
(1, 5, 116)
(0, 6, 116)
(1, 6, 116)
(1, 6, 117)
(1, 6, 118)
(1, 6, 119)
(0, 6, 120)
(1, 5, 119)
(0, 5, 120)
(0, 5, 121)
(0, 5, 122)
(1, 5, 122)
(0, 6, 122)
(1, 6, 121)
(0, 7, 122)
(1, 7, 121)
(0, 8, 122)
(0, 8, 123)
(1, 8, 123)
(0, 9, 123)
(1, 9, 122)
(0, 10, 123)
(1, 10, 123)
(0, 11, 124)
(1, 11, 123)
(0, 12, 123)
(0, 12, 122)
(0, 12, 121)
(1, 12, 120)
(0, 13, 121)
(0, 13, 122)
(1, 13, 122)
(0, 14, 122)
(0, 14, 121)
(0, 14, 120)
(1, 13, 119)
(0, 13, 119)
(0, 13, 118)
(1, 12, 117)
(0, 12, 117)
(0, 12, 116)
(1, 11, 115)
(1, 11, 114)
(0, 11, 114)
(1, 10, 114)
(0, 10, 115)
(1, 9, 115)
(0, 9, 116)
(0, 9, 117)
(1, 8, 117)
(1, 8, 118)
(1, 8, 119)
(0, 8, 120)
(1, 7, 119)
(1, 7, 118)
(1, 7, 117)
(1, 7, 116)
(0, 8, 116)
(0, 8, 115)
(1, 8, 114)
(1, 8, 113)
(0, 9, 113)
(1, 9, 112)
(0, 10, 112)
(1, 10, 112)
(0, 11, 112)
(0, 11, 111)
(1, 10, 110)
(0, 10, 110)
(1, 9, 110)
(0, 9, 110)
(0, 9, 109)
(1, 9, 108)
(1, 9, 107)
(1, 9, 106)
(1, 9, 105)
(0, 9, 105)
(0, 9, 104)
(1, 9, 103)
(1, 9, 102)
(0, 9, 102)
(0, 9, 101)
(0, 9, 100)
(1, 9, 99)
(0, 10, 99)
(0, 10, 98)
(1, 9, 97)
(1, 9, 96)
(1, 9, 95)
(1, 9, 94)
(0, 9, 94)
(0, 9, 93)
(1, 9, 92)
(0, 10, 93)
(1, 10, 93)
(1, 10, 94)
(1, 10, 95)
(0, 11, 96)
(0, 11, 97)
(1, 11, 97)
(0, 12, 98)
(1, 12, 98)
(0, 13, 99)
(1, 13, 99)
(1, 13, 100)
(1, 13, 101)
(0, 14, 102)
(1, 14, 102)
(0, 15, 103)
(1, 15, 103)
(0, 16, 103)
(0, 16, 102)
(1, 16, 101)
(0, 17, 102)
(1, 17, 101)
(0, 18, 101)
(1, 18, 100)
(1, 18, 99)
(0, 19, 99)
(1, 19, 98)
(0, 20, 99)
(1, 20, 99)
(1, 20, 100)
(0, 21, 101)
(1, 21, 101)
(0, 22, 102)
(0, 22, 103)
(0, 22, 104)
(1, 21, 104)
(1, 21, 105)
(1, 21, 106)
(0, 21, 107)
(0, 21, 108)
(1, 21, 108)
(0, 22, 109)
(1, 22, 109)
(0, 23, 110)
(1, 23, 109)
(1, 23, 108)
(1, 23, 107)
(0, 24, 107)
(0, 24, 106)
(1, 24, 105)
(0, 25, 106)
(1, 25, 105)
(1, 25, 104)
(0, 25, 104)
(1, 24, 103)
(1, 24, 102)
(0, 25, 102)
(1, 25, 101)
(0, 26, 101)
(1, 26, 100)
(1, 26, 99)
(0, 26, 99)
(1, 25, 99)
(0, 25, 99)
(1, 24, 99)
(1, 24, 100)
(0, 24, 101)
(1, 23, 100)
(1, 23, 99)
(1, 23, 98)
(1, 23, 97)
(0, 23, 97)
(0, 23, 96)
(1, 23, 95)
(1, 23, 94)
(0, 24, 94)
(0, 24, 93)
(1, 23, 92)
(1, 23, 91)
(0, 23, 91)
(1, 22, 91)
(1, 22, 92)
(0, 22, 93)
(0, 22, 94)
(1, 21, 94)
(0, 21, 94)
(1, 20, 93)
(1, 20, 92)
(1, 20, 91)
(1, 20, 90)
(0, 20, 90)
(1, 19, 90)
(0, 19, 90)
(1, 18, 90)
(0, 18, 90)
(0, 18, 89)
(0, 18, 88)
(1, 18, 87)
(0, 19, 88)
(1, 19, 88)
(0, 20, 88)
(1, 20, 88)
(0, 21, 88)
(1, 21, 88)
(1, 21, 89)
(0, 22, 90)
(1, 22, 89)
(0, 23, 89)
(1, 23, 89)
(0, 24, 90)
(1, 24, 90)
(0, 25, 90)
(0, 25, 89)
(0, 25, 88)
(0, 25, 87)
(1, 24, 86)
(0, 24, 87)
(1, 23, 86)
(0, 23, 87)
(1, 22, 86)
(1, 22, 85)
(0, 23, 85)
(1, 23, 84)
(0, 24, 84)
(0, 24, 83)
(1, 24, 82)
(0, 25, 83)
(0, 25, 84)
(1, 25, 84)
(0, 26, 84)
(1, 26, 84)
(0, 27, 84)
(1, 27, 83)
(0, 28, 83)
(0, 28, 82)
(1, 27, 81)
(0, 27, 81)
(1, 26, 81)
(0, 26, 81)
(0, 26, 80)
(1, 26, 79)
(0, 27, 79)
(1, 27, 78)
(0, 28, 78)
(1, 28, 77)
(0, 29, 78)
(1, 29, 78)
(1, 29, 79)
(0, 29, 80)
(0, 29, 81)
(0, 29, 82)
(1, 29, 82)
(1, 29, 83)
(0, 30, 84)
(0, 30, 85)
(1, 30, 85)
(1, 30, 86)
(0, 31, 87)
(1, 31, 87)
(0, 32, 88)
(1, 32, 87)
(0, 33, 87)
(1, 33, 87)
(0, 34, 87)
(0, 34, 86)
(1, 33, 85)
(1, 33, 84)
(0, 33, 84)
(1, 32, 83)
(1, 32, 82)
(0, 32, 82)
(1, 31, 82)
(0, 31, 82)
(0, 31, 81)
(1, 31, 80)
(0, 32, 80)
(1, 32, 80)
(0, 33, 80)
(0, 33, 79)
(0, 33, 78)
(1, 32, 77)
(1, 32, 76)
(0, 33, 76)
(0, 33, 75)
(1, 32, 74)
(0, 32, 75)
(1, 31, 74)
(0, 31, 74)
(1, 30, 74)
(1, 30, 75)
(0, 30, 76)
(1, 29, 76)
(0, 29, 76)
(1, 28, 75)
(0, 28, 76)
(1, 27, 75)
(0, 27, 75)
(1, 26, 75)
(0, 26, 75)
(0, 26, 74)
(1, 25, 73)
(0, 25, 73)
(1, 24, 72)
(0, 24, 73)
(1, 23, 73)
(0, 23, 74)
(1, 22, 73)
(1, 22, 72)
(0, 22, 72)
(1, 21, 71)
(0, 21, 71)
(0, 21, 70)
(1, 21, 69)
(0, 22, 70)
(1, 22, 69)
(1, 22, 68)
(0, 23, 68)
(1, 23, 68)
(0, 24, 68)
(1, 24, 67)
(0, 25, 67)
(1, 25, 67)
(1, 25, 68)
(0, 26, 69)
(1, 26, 68)
(1, 26, 67)
(1, 26, 66)
(0, 27, 66)
(1, 27, 66)
(0, 28, 67)
(0, 28, 68)
(0, 28, 69)
(1, 27, 69)
(0, 27, 70)
(1, 26, 70)
(1, 26, 71)
(0, 27, 72)
(0, 27, 73)
(1, 27, 73)
(0, 28, 73)
(1, 28, 73)
(0, 29, 74)
(1, 29, 73)
(0, 30, 73)
(1, 30, 72)
(1, 30, 71)
(0, 31, 71)
(1, 31, 70)
(0, 32, 71)
(0, 32, 72)
(1, 32, 72)
(0, 33, 73)
(1, 33, 73)
(0, 34, 74)
(0, 34, 75)
(0, 34, 76)
(1, 34, 76)
(0, 35, 76)
(0, 35, 75)
(1, 35, 74)
(0, 36, 75)
(0, 36, 76)
(0, 36, 77)
(1, 36, 77)
(0, 37, 77)
(1, 37, 76)
(1, 37, 75)
(1, 37, 74)
(0, 37, 74)
(1, 36, 73)
(1, 36, 72)
(0, 36, 72)
(0, 36, 71)
(0, 36, 70)
(0, 36, 69)
(0, 36, 68)
(1, 35, 67)
(1, 35, 66)
(0, 36, 66)
(0, 36, 65)
(1, 35, 64)
(1, 35, 63)
(0, 36, 63)
(1, 36, 63)
(0, 37, 63)
(1, 37, 63)
(0, 38, 64)
(0, 38, 65)
(1, 38, 65)
(1, 38, 66)
(0, 39, 67)
(0, 39, 68)
(1, 39, 68)
(1, 39, 69)
(0, 39, 70)
(0, 39, 71)
(1, 39, 71)
(1, 39, 72)
(1, 39, 73)
(1, 39, 74)
(1, 39, 75)
(0, 40, 76)
(0, 40, 77)
(1, 39, 77)
(1, 39, 78)
(1, 39, 79)
(0, 40, 80)
(1, 40, 79)
(0, 41, 80)
(1, 41, 80)
(1, 41, 81)
(0, 41, 82)
(0, 41, 83)
(0, 41, 84)
(1, 40, 84)
(0, 40, 84)
(1, 39, 83)
(0, 39, 84)
(0, 39, 85)
(1, 38, 85)
(0, 38, 86)
(1, 37, 85)
(0, 37, 86)
(0, 37, 87)
(1, 37, 87)
(0, 38, 88)
(1, 38, 87)
(0, 39, 88)
(0, 39, 89)
(1, 39, 89)
(0, 40, 89)
(0, 40, 88)
(1, 40, 87)
(0, 41, 87)
(1, 41, 87)
(1, 41, 88)
(1, 41, 89)
(1, 41, 90)
(1, 41, 91)
(0, 41, 92)
(1, 40, 91)
(0, 40, 91)
(1, 39, 91)
(0, 39, 92)
(1, 38, 91)
(1, 38, 90)
(0, 38, 90)
(1, 37, 89)
(0, 37, 90)
(0, 37, 91)
(1, 36, 91)
(0, 36, 91)
(0, 36, 90)
(0, 36, 89)
(0, 36, 88)
(1, 35, 87)
(0, 35, 88)
(1, 34, 88)
(0, 34, 89)
(0, 34, 90)
(1, 33, 90)
(0, 33, 91)
(1, 32, 90)
(0, 32, 91)
(1, 31, 90)
(1, 31, 89)
(0, 31, 89)
(1, 30, 89)
(1, 30, 90)
(0, 30, 91)
(1, 29, 90)
(0, 29, 91)
(1, 28, 90)
(1, 28, 89)
(0, 29, 89)
(0, 29, 88)
(1, 28, 87)
(0, 28, 88)
(1, 27, 88)
(1, 27, 89)
(1, 27, 90)
(1, 27, 91)
(1, 27, 92)
(0, 28, 93)
(0, 28, 94)
(1, 28, 94)
(0, 29, 94)
(1, 29, 94)
(1, 29, 95)
(0, 29, 96)
(1, 28, 96)
(0, 28, 96)
(1, 27, 95)
(0, 27, 95)
(0, 27, 94)
(1, 26, 93)
(0, 26, 94)
(0, 26, 95)
(1, 25, 95)
(0, 25, 95)
(1, 24, 95)
(1, 24, 96)
(0, 25, 97)
(1, 25, 97)
(0, 26, 97)
(1, 26, 97)
(0, 27, 98)
(1, 27, 97)
(0, 28, 98)
(0, 28, 99)
(1, 27, 99)
(1, 27, 100)
(0, 28, 101)
(0, 28, 102)
(1, 28, 102)
(0, 29, 103)
(0, 29, 104)
(1, 28, 104)
(0, 28, 104)
(1, 27, 104)
(1, 27, 105)
(1, 27, 106)
(0, 27, 107)
(1, 26, 107)
(0, 26, 107)
(1, 25, 107)
(0, 25, 108)
(1, 24, 108)
(1, 24, 109)
(0, 25, 110)
(1, 25, 109)
(0, 26, 110)
(0, 26, 111)
(1, 26, 111)
(1, 26, 112)
(0, 27, 113)
(1, 27, 112)
(1, 27, 111)
(1, 27, 110)
(0, 28, 110)
(1, 28, 110)
(1, 28, 111)
(0, 29, 112)
(0, 29, 113)
(0, 29, 114)
(1, 29, 114)
(0, 30, 114)
(1, 30, 113)
(0, 31, 114)
(0, 31, 115)
(1, 30, 115)
(0, 30, 116)
(1, 29, 116)
(1, 29, 117)
(0, 29, 118)
(0, 29, 119)
(1, 29, 119)
(0, 30, 119)
(1, 30, 119)
(1, 30, 120)
(1, 30, 121)
(0, 30, 122)
(0, 30, 123)
(0, 30, 124)
(1, 29, 124)
(0, 29, 125)
(1, 28, 125)
(0, 28, 125)
(1, 27, 125)
(1, 27, 126)
(0, 27, 127)
(1, 26, 126)
(0, 26, 126)
(1, 25, 125)
(1, 25, 124)
(0, 26, 124)
(1, 26, 123)
(1, 26, 122)
(0, 27, 122)
(0, 27, 121)
(0, 27, 120)
(1, 26, 119)
(0, 26, 119)
(1, 25, 118)
(0, 25, 118)
(1, 24, 117)
(1, 24, 116)
(1, 24, 115)
(0, 24, 115)
(1, 23, 114)
(0, 23, 115)
(1, 22, 114)
(0, 22, 115)
(1, 21, 115)
(0, 21, 116)
(0, 21, 117)
(1, 21, 117)
(0, 22, 118)
(1, 22, 118)
(1, 22, 119)
(1, 22, 120)
(0, 23, 121)
(0, 23, 122)
(1, 22, 122)
(1, 22, 123)
(1, 22, 124)
(0, 23, 125)
(0, 23, 126)
(1, 23, 126)
(1, 23, 127)
(1, 23, 128)
(0, 24, 129)
(1, 24, 129)
(1, 24, 130)
(0, 24, 131)
(0, 24, 132)
(1, 24, 132)
(0, 25, 133)
(1, 25, 133)
(0, 26, 133)
(1, 26, 132)
(0, 27, 132)
(1, 27, 131)
(0, 28, 132)
(1, 28, 132)
(0, 29, 132)
(0, 29, 131)
(1, 29, 130)
(0, 30, 131)
(0, 30, 132)
(1, 30, 132)
(1, 30, 133)
(0, 30, 134)
(1, 29, 134)
(0, 29, 135)
(0, 29, 136)
(0, 29, 137)
(1, 29, 137)
(1, 29, 138)
(0, 29, 139)
(0, 29, 140)
(0, 29, 141)
(1, 28, 141)
(1, 28, 142)
(0, 29, 143)
(1, 29, 143)
(1, 29, 144)
(0, 29, 145)
(1, 28, 145)
(1, 28, 146)
(1, 28, 147)
(1, 28, 148)
(0, 28, 149)
(1, 27, 148)
(0, 27, 149)
(0, 27, 150)
(0, 27, 151)
(1, 27, 151)
(1, 27, 152)
(0, 28, 153)
(1, 28, 152)
(0, 29, 152)
(1, 29, 151)
(0, 30, 151)
(0, 30, 150)
(0, 30, 149)
(1, 29, 148)
(1, 29, 147)
(0, 30, 147)
(1, 30, 146)
(1, 30, 145)
(0, 31, 145)
(1, 31, 145)
(0, 32, 146)
(0, 32, 147)
(1, 31, 147)
(1, 31, 148)
(0, 32, 149)
(1, 32, 149)
(1, 32, 150)
(0, 32, 151)
(1, 31, 151)
(1, 31, 152)
(0, 31, 153)
(1, 30, 152)
(0, 30, 153)
(0, 30, 154)
(1, 30, 154)
(1, 30, 155)
(1, 30, 156)
(0, 30, 157)
(1, 29, 157)
(0, 29, 157)
(1, 28, 157)
(0, 28, 157)
(1, 27, 157)
(1, 27, 158)
(0, 27, 159)
(1, 26, 158)
(0, 26, 159)
(1, 25, 159)
(0, 25, 160)
(0, 25, 161)
(1, 24, 161)
(1, 24, 162)
(0, 25, 163)
(1, 25, 162)
(0, 26, 163)
(1, 26, 163)
(0, 27, 163)
(1, 27, 162)
(0, 28, 163)
(1, 28, 163)
(0, 29, 163)
(1, 29, 162)
(0, 30, 163)
(1, 30, 163)
(1, 30, 164)
(0, 31, 165)
(0, 31, 166)
(0, 31, 167)
(1, 31, 167)
(0, 32, 167)
(1, 32, 167)
(0, 33, 168)
(0, 33, 169)
(1, 32, 169)
(0, 32, 170)
(1, 31, 169)
(0, 31, 170)
(0, 31, 171)
(0, 31, 172)
(0, 31, 173)
(0, 31, 174)
(1, 30, 174)
(0, 30, 174)
(0, 30, 173)
(0, 30, 172)
(1, 29, 171)
(0, 29, 172)
(1, 28, 171)
(1, 28, 170)
(0, 28, 170)
(0, 28, 169)
(1, 28, 168)
(1, 28, 167)
(0, 28, 167)
(1, 27, 167)
(0, 27, 168)
(1, 26, 168)
(1, 26, 169)
(0, 26, 170)
(0, 26, 171)
(0, 26, 172)
(1, 25, 172)
(0, 25, 173)
(1, 24, 172)
(1, 24, 171)
(0, 24, 171)
(1, 23, 171)
(1, 23, 172)
(0, 23, 173)
(1, 22, 172)
(1, 22, 171)
(0, 22, 171)
(1, 21, 170)
(1, 21, 169)
(1, 21, 168)
(1, 21, 167)
(1, 21, 166)
(0, 22, 166)
(1, 22, 166)
(0, 23, 166)
(0, 23, 165)
(1, 22, 164)
(0, 22, 164)
(1, 21, 164)
(0, 21, 164)
(1, 20, 163)
(1, 20, 162)
(0, 21, 162)
(0, 21, 161)
(1, 21, 160)
(0, 22, 161)
(1, 22, 161)
(0, 23, 161)
(0, 23, 160)
(1, 22, 159)
(0, 22, 159)
(0, 22, 158)
(1, 21, 157)
(0, 21, 157)
(1, 20, 156)
(0, 20, 156)
(1, 19, 156)
(0, 19, 157)
(1, 18, 157)
(0, 18, 157)
(1, 17, 157)
(0, 17, 157)
(0, 17, 156)
(1, 17, 155)
(0, 18, 155)
(1, 18, 154)
(1, 18, 153)
(0, 19, 153)
(0, 19, 152)
(1, 18, 151)
(1, 18, 150)
(1, 18, 149)
(0, 19, 149)
(0, 19, 148)
(1, 19, 147)
(1, 19, 146)
(1, 19, 145)
(0, 20, 145)
(0, 20, 144)
(1, 19, 143)
(1, 19, 142)
(0, 19, 142)
(1, 18, 141)
(0, 18, 142)
(1, 17, 141)
(1, 17, 140)
(0, 18, 140)
(1, 18, 139)
(1, 18, 138)
(1, 18, 137)
(0, 19, 137)
(0, 19, 136)
(1, 18, 135)
(0, 18, 135)
(1, 17, 134)
(0, 17, 134)
(0, 17, 133)
(1, 17, 132)
(0, 18, 133)
(1, 18, 133)
(0, 19, 134)
(1, 19, 134)
(0, 20, 135)
(0, 20, 136)
(1, 20, 136)
(0, 21, 137)
(1, 21, 136)
(0, 22, 136)
(0, 22, 135)
(1, 22, 134)
(1, 22, 133)
(0, 22, 133)
(0, 22, 132)
(1, 21, 131)
(1, 21, 130)
(1, 21, 129)
(0, 21, 129)
(1, 20, 128)
(0, 20, 128)
(0, 20, 127)
(1, 20, 126)
(1, 20, 125)
(0, 21, 125)
(1, 21, 124)
(1, 21, 123)
(1, 21, 122)
(0, 21, 122)
(1, 20, 121)
(0, 20, 122)
(1, 19, 121)
(0, 19, 122)
(1, 18, 121)
(0, 18, 122)
(0, 18, 123)
(1, 17, 123)
(0, 17, 124)
(1, 16, 124)
(0, 16, 125)
(1, 15, 125)
(0, 15, 126)
(1, 14, 125)
(0, 14, 125)
(1, 13, 124)
(0, 13, 124)
(1, 12, 124)
(0, 12, 125)
(1, 11, 125)
(0, 11, 126)
(1, 10, 125)
(0, 10, 126)
(1, 9, 126)
(0, 9, 127)
(1, 8, 126)
(0, 8, 127)
(1, 7, 126)
(1, 7, 125)
(0, 7, 125)
(1, 6, 125)
(0, 6, 126)
(1, 5, 125)
(0, 5, 125)
(1, 4, 124)
(0, 4, 125)
(1, 3, 125)
(1, 3, 126)
(0, 4, 127)
(1, 4, 126)
(0, 5, 127)
(1, 5, 127)
(0, 6, 128)
(1, 6, 128)
(1, 6, 129)
(1, 6, 130)
(1, 6, 131)
(0, 7, 132)
(1, 7, 132)
(0, 8, 133)
(1, 8, 132)
(1, 8, 131)
(1, 8, 130)
(0, 9, 130)
(1, 9, 129)
(0, 10, 130)
(1, 10, 129)
(0, 11, 129)
(1, 11, 128)
(1, 11, 127)
(0, 12, 127)
(1, 12, 126)
(0, 13, 127)
(0, 13, 128)
(1, 13, 128)
(1, 13, 129)
(1, 13, 130)
(1, 13, 131)
(1, 13, 132)
(0, 14, 133)
(1, 14, 133)
(0, 15, 134)
(0, 15, 135)
(0, 15, 136)
(0, 15, 137)
(1, 15, 137)
(0, 16, 138)
(0, 16, 139)
(0, 16, 140)
(1, 16, 140)
(1, 16, 141)
(0, 16, 142)
(1, 15, 141)
(0, 15, 142)
(1, 14, 142)
(0, 14, 143)
(0, 14, 144)
(1, 13, 144)
(1, 13, 145)
(1, 13, 146)
(0, 13, 147)
(1, 12, 147)
(1, 12, 148)
(1, 12, 149)
(0, 12, 150)
(1, 11, 150)
(0, 11, 150)
(1, 10, 150)
(0, 10, 150)
(0, 10, 149)
(0, 10, 148)
(0, 10, 147)
(1, 10, 146)
(0, 11, 147)
(1, 11, 146)
(0, 12, 146)
(1, 12, 145)
(1, 12, 144)
(1, 12, 143)
(0, 13, 143)
(0, 13, 142)
(1, 13, 141)
(1, 13, 140)
(1, 13, 139)
(0, 13, 139)
(0, 13, 138)
(1, 13, 137)
(1, 13, 136)
(0, 14, 136)
(0, 14, 135)
(1, 13, 134)
(0, 13, 135)
(1, 12, 134)
(1, 12, 133)
(0, 12, 133)
(1, 11, 132)
(0, 11, 133)
(0, 11, 134)
(0, 11, 135)
(1, 11, 135)
(1, 11, 136)
(0, 11, 137)
(0, 11, 138)
(1, 10, 138)
(0, 10, 139)
(1, 9, 138)
(1, 9, 137)
(1, 9, 136)
(0, 10, 136)
(0, 10, 135)
(1, 9, 134)
(0, 9, 134)
(1, 8, 134)
(1, 8, 135)
(1, 8, 136)
(1, 8, 137)
(1, 8, 138)
(0, 8, 139)
(0, 8, 140)
(0, 8, 141)
(1, 7, 141)
(0, 7, 141)
(1, 6, 140)
(0, 6, 141)
(0, 6, 142)
(0, 6, 143)
(0, 6, 144)
(0, 6, 145)
(0, 6, 146)
(1, 5, 146)
(0, 5, 146)
(1, 4, 145)
(0, 4, 145)
(1, 3, 144)
(0, 3, 145)
(1, 2, 144)
(0, 2, 145)
(1, 1, 145)
(0, 1, 145)
(0, 1, 144)
(1, 0, 143)
(0, 0, 143)
(1, -1, 143)
(0, -1, 144)
(0, -1, 145)
(0, -1, 146)
(1, -1, 146)
(1, -1, 147)
(0, -1, 148)
(0, -1, 149)
(1, -1, 149)
(0, 0, 150)
(1, 0, 150)
(0, 1, 150)
(1, 1, 149)
(0, 2, 150)
(1, 2, 150)
(1, 2, 151)
(1, 2, 152)
(0, 2, 153)
(0, 2, 154)
(0, 2, 155)
(0, 2, 156)
(1, 2, 156)
(0, 3, 156)
(1, 3, 156)
(1, 3, 157)
(1, 3, 158)
(0, 4, 159)
(0, 4, 160)
(0, 4, 161)
(1, 4, 161)
(1, 4, 162)
(0, 4, 163)
(1, 3, 163)
(0, 3, 163)
(1, 2, 163)
(1, 2, 164)
(0, 2, 165)
(1, 1, 164)
(0, 1, 165)
(1, 0, 165)
(0, 0, 165)
(1, -1, 165)
(0, -1, 165)
(0, -1, 164)
(1, -2, 163)
(0, -2, 163)
(1, -3, 162)
(0, -3, 162)
(1, -4, 161)
(0, -4, 162)
(1, -5, 162)
(1, -5, 163)
(0, -4, 164)
(0, -4, 165)
(0, -4, 166)
(0, -4, 167)
(0, -4, 168)
(1, -4, 168)
(1, -4, 169)
(0, -4, 170)
(1, -5, 170)
(0, -5, 171)
(1, -6, 171)
(0, -6, 172)
(1, -7, 171)
(1, -7, 170)
(0, -7, 170)
(1, -8, 169)
(0, -8, 170)
(0, -8, 171)
(1, -8, 171)
(1, -8, 172)
(0, -7, 173)
(0, -7, 174)
(1, -7, 174)
(1, -7, 175)
(1, -7, 176)
(0, -6, 177)
(1, -6, 176)
(0, -5, 176)
(0, -5, 175)
(1, -5, 174)
(1, -5, 173)
(0, -4, 173)
(1, -4, 172)
(0, -3, 173)
(1, -3, 173)
(1, -3, 174)
(1, -3, 175)
(0, -2, 176)
(1, -2, 175)
(1, -2, 174)
(0, -1, 174)
(1, -1, 174)
(1, -1, 175)
(1, -1, 176)
(1, -1, 177)
(0, 0, 178)
(0, 0, 179)
(0, 0, 180)
(0, 0, 181)
(1, 0, 181)
(1, 0, 182)
(0, 1, 183)
(1, 1, 182)
(1, 1, 181)
(0, 2, 181)
(1, 2, 181)
(0, 3, 181)
(1, 3, 181)
(1, 3, 182)
(0, 3, 183)
(0, 3, 184)
(0, 3, 185)
(1, 3, 185)
(0, 4, 185)
(1, 4, 184)
(0, 5, 185)
(1, 5, 185)
(0, 6, 185)
(1, 6, 185)
(0, 7, 185)
(1, 7, 185)
(0, 8, 185)
(1, 8, 184)
(0, 9, 185)
(1, 9, 185)
(1, 9, 186)
(0, 10, 187)
(1, 10, 186)
(0, 11, 187)
(0, 11, 188)
(0, 11, 189)
(1, 10, 189)
(0, 10, 189)
(1, 9, 188)
(0, 9, 189)
(1, 8, 189)
(1, 8, 190)
(0, 9, 191)
(1, 9, 191)
(0, 10, 192)
(0, 10, 193)
(1, 10, 193)
(0, 11, 194)
(1, 11, 193)
(1, 11, 192)
(0, 12, 192)
(1, 12, 191)
(0, 13, 191)
(1, 13, 190)
(0, 14, 190)
(1, 14, 189)
(1, 14, 188)
(0, 15, 188)
(1, 15, 187)
(0, 16, 188)
(0, 16, 189)
(1, 15, 189)
(1, 15, 190)
(0, 15, 191)
(1, 14, 191)
(1, 14, 192)
(1, 14, 193)
(0, 15, 194)
(0, 15, 195)
(1, 15, 195)
(0, 16, 196)
(1, 16, 196)
(1, 16, 197)
(0, 16, 198)
(1, 15, 197)
(0, 15, 197)
(1, 14, 196)
(0, 14, 196)
(1, 13, 195)
(0, 13, 196)
(1, 12, 196)
(0, 12, 197)
(0, 12, 198)
(1, 11, 198)
(0, 11, 198)
(0, 11, 197)
(1, 10, 196)
(0, 10, 196)
(1, 9, 195)
(0, 9, 195)
(1, 8, 195)
(0, 8, 195)
(1, 7, 195)
(0, 7, 196)
(0, 7, 197)
(1, 7, 197)
(0, 8, 197)
(1, 8, 197)
(0, 9, 197)
(1, 9, 197)
(1, 9, 198)
(0, 9, 199)
(0, 9, 200)
(1, 8, 200)
(0, 8, 200)
(1, 7, 200)
(0, 7, 200)
(1, 6, 199)
(0, 6, 200)
(1, 5, 200)
(0, 5, 200)
(1, 4, 199)
(0, 4, 200)
(1, 3, 200)
(0, 3, 200)
(1, 2, 199)
(1, 2, 198)
(0, 2, 198)
(1, 1, 198)
(0, 1, 198)
(0, 1, 197)
(0, 1, 196)
(1, 0, 195)
(1, 0, 194)
(0, 1, 194)
(1, 1, 194)
(0, 2, 194)
(0, 2, 193)
(1, 1, 192)
(1, 1, 191)
(0, 2, 191)
(0, 2, 190)
(0, 2, 189)
(1, 1, 188)
(1, 1, 187)
(1, 1, 186)
(0, 2, 186)
(0, 2, 185)
(1, 1, 184)
(0, 1, 185)
(1, 0, 185)
(0, 0, 185)
(0, 0, 184)
(1, -1, 183)
(0, -1, 184)
(1, -2, 184)
(0, -2, 184)
(0, -2, 183)
(1, -2, 182)
(1, -2, 181)
(1, -2, 180)
(1, -2, 179)
(0, -2, 179)
(1, -3, 178)
(0, -3, 178)
(1, -4, 178)
(0, -4, 178)
(1, -5, 177)
(0, -5, 178)
(1, -6, 178)
(0, -6, 179)
(1, -7, 179)
(0, -7, 180)
(0, -7, 181)
(0, -7, 182)
(0, -7, 183)
(1, -7, 183)
(0, -6, 183)
(1, -6, 182)
(0, -5, 183)
(1, -5, 183)
(1, -5, 184)
(1, -5, 185)
(0, -5, 186)
(1, -6, 186)
(0, -6, 186)
(1, -7, 186)
(0, -7, 187)
(1, -8, 186)
(0, -8, 187)
(1, -9, 186)
(0, -9, 187)
(0, -9, 188)
(1, -9, 188)
(0, -8, 189)
(1, -8, 188)
(0, -7, 189)
(0, -7, 190)
(1, -8, 190)
(1, -8, 191)
(0, -7, 192)
(1, -7, 192)
(0, -6, 193)
(1, -6, 192)
(0, -5, 193)
(1, -5, 193)
(1, -5, 194)
(1, -5, 195)
(0, -5, 196)
(1, -6, 195)
(0, -6, 196)
(0, -6, 197)
(1, -6, 197)
(0, -5, 198)
(1, -5, 197)
(0, -4, 197)
(1, -4, 197)
(0, -3, 198)
(0, -3, 199)
(1, -4, 199)
(0, -4, 199)
(1, -5, 199)
(0, -5, 200)
(1, -6, 200)
(0, -6, 200)
(1, -7, 200)
(0, -7, 200)
(1, -8, 200)
(0, -8, 200)
(0, -8, 199)
(1, -9, 198)
(0, -9, 198)
(1, -10, 198)
(1, -10, 199)
(0, -10, 200)
(1, -11, 199)
(0, -11, 200)
(1, -12, 199)
(1, -12, 198)
(0, -11, 198)
(0, -11, 197)
(1, -11, 196)
(0, -10, 196)
(1, -10, 196)
(0, -9, 196)
(1, -9, 196)
(0, -8, 197)
(1, -8, 196)
(0, -7, 196)
(0, -7, 195)
(1, -8, 194)
(0, -8, 195)
(1, -9, 194)
(0, -9, 194)
(0, -9, 193)
(1, -10, 192)
(0, -10, 192)
(1, -11, 191)
(0, -11, 192)
(1, -12, 192)
(0, -12, 192)
(0, -12, 191)
(1, -12, 190)
(1, -12, 189)
(0, -12, 189)
(0, -12, 188)
(1, -13, 187)
(0, -13, 188)
(0, -13, 189)
(1, -14, 189)
(0, -14, 189)
(1, -15, 189)
(0, -15, 190)
(0, -15, 191)
(0, -15, 192)
(0, -15, 193)
(0, -15, 194)
(1, -15, 194)
(1, -15, 195)
(0, -15, 196)
(0, -15, 197)
(1, -16, 197)
(0, -16, 198)
(0, -16, 199)
(0, -16, 200)
(1, -17, 200)
(0, -17, 200)
(0, -17, 199)
(1, -18, 198)
(1, -18, 197)
(0, -18, 197)
(1, -19, 196)
(0, -19, 196)
(0, -19, 195)
(1, -20, 194)
(1, -20, 193)
(1, -20, 192)
(1, -20, 191)
(0, -20, 191)
(0, -20, 190)
(0, -20, 189)
(1, -20, 188)
(1, -20, 187)
(1, -20, 186)
(1, -20, 185)
(0, -20, 185)
(1, -21, 184)
(0, -21, 185)
(1, -22, 185)
(0, -22, 185)
(1, -23, 185)
(0, -23, 186)
(1, -24, 185)
(0, -24, 185)
(1, -25, 185)
(0, -25, 186)
(1, -26, 185)
(1, -26, 184)
(0, -26, 184)
(0, -26, 183)
(0, -26, 182)
(0, -26, 181)
(0, -26, 180)
(0, -26, 179)
(1, -27, 178)
(1, -27, 177)
(1, -27, 176)
(0, -26, 176)
(1, -26, 176)
(0, -25, 177)
(1, -25, 176)
(0, -24, 177)
(0, -24, 178)
(0, -24, 179)
(1, -25, 179)
(0, -25, 180)
(0, -25, 181)
(1, -25, 181)
(0, -24, 181)
(1, -24, 181)
(0, -23, 181)
(1, -23, 180)
(0, -22, 180)
(1, -22, 179)
(0, -21, 179)
(1, -21, 178)
(1, -21, 177)
(0, -21, 177)
(1, -22, 176)
(0, -22, 176)
(1, -23, 175)
(0, -23, 175)
(0, -23, 174)
(1, -24, 173)
(0, -24, 174)
(1, -25, 174)
(0, -25, 174)
(0, -25, 173)
(0, -25, 172)
(1, -25, 171)
(0, -24, 171)
(1, -24, 170)
(0, -23, 170)
(0, -23, 169)
(1, -23, 168)
(1, -23, 167)
(0, -22, 167)
(0, -22, 166)
(0, -22, 165)
(0, -22, 164)
(1, -23, 163)
(1, -23, 162)
(0, -22, 162)
(0, -22, 161)
(1, -23, 160)
(1, -23, 159)
(0, -22, 159)
(1, -22, 158)
(0, -21, 159)
(1, -21, 159)
(0, -20, 160)
(1, -20, 159)
(0, -19, 159)
(1, -19, 158)
(0, -18, 159)
(1, -18, 158)
(1, -18, 157)
(0, -17, 157)
(0, -17, 156)
(0, -17, 155)
(1, -18, 154)
(1, -18, 153)
(0, -17, 153)
(1, -17, 152)
(0, -16, 152)
(1, -16, 151)
(0, -15, 151)
(1, -15, 150)
(0, -14, 151)
(0, -14, 152)
(1, -14, 152)
(1, -14, 153)
(1, -14, 154)
(0, -13, 155)
(1, -13, 155)
(0, -12, 156)
(1, -12, 155)
(0, -11, 156)
(1, -11, 155)
(1, -11, 154)
(1, -11, 153)
(1, -11, 152)
(0, -10, 152)
(1, -10, 151)
(1, -10, 150)
(0, -10, 150)
(1, -11, 150)
(0, -11, 150)
(0, -11, 149)
(1, -12, 148)
(0, -12, 148)
(1, -13, 147)
(1, -13, 146)
(0, -13, 146)
(0, -13, 145)
(0, -13, 144)
(1, -13, 143)
(1, -13, 142)
(0, -13, 142)
(1, -14, 142)
(0, -14, 142)
(0, -14, 141)
(0, -14, 140)
(1, -15, 139)
(0, -15, 140)
(1, -16, 139)
(1, -16, 138)
(0, -16, 138)
(1, -17, 138)
(1, -17, 139)
(1, -17, 140)
(0, -16, 141)
(0, -16, 142)
(0, -16, 143)
(1, -16, 143)
(0, -15, 143)
(1, -15, 143)
(1, -15, 144)
(0, -14, 145)
(0, -14, 146)
(0, -14, 147)
(1, -15, 147)
(1, -15, 148)
(0, -15, 149)
(1, -16, 149)
(0, -16, 149)
(1, -17, 149)
(0, -17, 150)
(0, -17, 151)
(1, -18, 151)
(0, -18, 151)
(0, -18, 150)
(1, -19, 149)
(0, -19, 150)
(0, -19, 151)
(1, -20, 151)
(1, -20, 152)
(1, -20, 153)
(0, -19, 154)
(0, -19, 155)
(0, -19, 156)
(0, -19, 157)
(1, -20, 157)
(0, -20, 158)
(1, -21, 157)
(0, -21, 157)
(1, -22, 156)
(1, -22, 155)
(0, -21, 155)
(0, -21, 154)
(1, -22, 153)
(0, -22, 153)
(0, -22, 152)
(1, -23, 151)
(0, -23, 151)
(0, -23, 150)
(1, -23, 149)
(0, -22, 150)
(1, -22, 150)
(0, -21, 150)
(1, -21, 149)
(0, -20, 149)
(0, -20, 148)
(1, -20, 147)
(1, -20, 146)
(1, -20, 145)
(1, -20, 144)
(0, -19, 144)
(0, -19, 143)
(0, -19, 142)
(0, -19, 141)
(1, -19, 140)
(0, -18, 140)
(1, -18, 139)
(1, -18, 138)
(0, -18, 138)
(1, -19, 138)
(0, -19, 138)
(1, -20, 137)
(1, -20, 136)
(0, -19, 136)
(0, -19, 135)
(1, -19, 134)
(1, -19, 133)
(0, -19, 133)
(1, -20, 133)
(0, -20, 134)
(0, -20, 135)
(1, -21, 135)
(1, -21, 136)
(0, -21, 137)
(1, -22, 137)
(0, -22, 138)
(1, -23, 138)
(0, -23, 139)
(0, -23, 140)
(0, -23, 141)
(0, -23, 142)
(1, -24, 142)
(0, -24, 142)
(1, -25, 141)
(0, -25, 142)
(1, -26, 142)
(0, -26, 142)
(1, -27, 141)
(0, -27, 142)
(0, -27, 143)
(1, -28, 143)
(0, -28, 143)
(1, -29, 143)
(0, -29, 144)
(0, -29, 145)
(0, -29, 146)
(1, -29, 146)
(1, -29, 147)
(0, -29, 148)
(0, -29, 149)
(0, -29, 150)
(1, -30, 150)
(0, -30, 150)
(1, -31, 150)
(1, -31, 151)
(0, -31, 152)
(1, -32, 151)
(1, -32, 150)
(1, -32, 149)
(0, -32, 149)
(0, -32, 148)
(0, -32, 147)
(0, -32, 146)
(0, -32, 145)
(0, -32, 144)
(1, -33, 143)
(1, -33, 142)
(0, -33, 142)
(0, -33, 141)
(1, -34, 140)
(0, -34, 141)
(1, -35, 140)
(0, -35, 141)
(1, -36, 141)
(0, -36, 141)
(1, -37, 140)
(0, -37, 140)
(1, -38, 139)
(0, -38, 140)
(1, -39, 140)
(0, -39, 140)
(1, -40, 140)
(1, -40, 141)
(1, -40, 142)
(0, -40, 143)
(0, -40, 144)
(1, -40, 144)
(0, -39, 145)
(0, -39, 146)
(1, -40, 146)
(0, -40, 147)
(1, -41, 147)
(0, -41, 148)
(1, -42, 147)
(0, -42, 147)
(0, -42, 146)
(1, -43, 145)
(1, -43, 144)
(1, -43, 143)
(1, -43, 142)
(0, -42, 142)
(1, -42, 142)
(0, -41, 142)
(1, -41, 141)
(1, -41, 140)
(1, -41, 139)
(1, -41, 138)
(1, -41, 137)
(1, -41, 136)
(0, -41, 136)
(1, -42, 136)
(0, -42, 137)
(0, -42, 138)
(1, -43, 138)
(1, -43, 139)
(1, -43, 140)
(0, -43, 141)
(1, -44, 140)
(0, -44, 140)
(1, -45, 139)
(0, -45, 139)
(1, -46, 139)
(1, -46, 140)
(0, -45, 141)
(0, -45, 142)
(0, -45, 143)
(0, -45, 144)
(1, -45, 144)
(0, -44, 145)
(0, -44, 146)
(1, -45, 146)
(0, -45, 147)
(1, -46, 146)
(0, -46, 147)
(1, -47, 146)
(1, -47, 145)
(0, -46, 145)
(0, -46, 144)
(0, -46, 143)
(0, -46, 142)
(1, -47, 141)
(1, -47, 140)
(1, -47, 139)
(1, -47, 138)
(0, -47, 138)
(1, -48, 137)
(0, -48, 137)
(1, -49, 137)
(0, -49, 137)
(0, -49, 136)
(1, -50, 135)
(1, -50, 134)
(0, -50, 134)
(0, -50, 133)
(1, -50, 132)
(0, -49, 132)
(1, -49, 131)
(1, -49, 130)
(0, -49, 130)
(1, -50, 130)
(0, -50, 130)
(1, -51, 129)
(0, -51, 130)
(1, -52, 130)
(0, -52, 131)
(1, -53, 131)
(0, -53, 132)
(1, -54, 132)
(0, -54, 132)
(1, -55, 132)
(0, -55, 133)
(1, -56, 132)
(0, -56, 133)
(1, -57, 132)
(0, -57, 133)
(0, -57, 134)
(1, -58, 134)
(1, -58, 135)
(0, -58, 136)
(1, -59, 135)
(0, -59, 135)
(0, -59, 134)
(1, -60, 133)
(0, -60, 134)
(1, -61, 134)
(1, -61, 135)
(0, -60, 136)
(1, -60, 136)
(0, -59, 137)
(1, -59, 137)
(0, -58, 138)
(1, -58, 138)
(0, -57, 139)
(1, -57, 139)
(1, -57, 140)
(1, -57, 141)
(0, -57, 142)
(1, -58, 142)
(0, -58, 142)
(1, -59, 142)
(1, -59, 143)
(0, -59, 144)
(0, -59, 145)
(0, -59, 146)
(1, -60, 146)
(1, -60, 147)
(0, -60, 148)
(1, -61, 147)
(0, -61, 147)
(1, -62, 147)
(0, -62, 148)
(1, -63, 147)
(1, -63, 146)
(0, -63, 146)
(1, -64, 146)
(0, -64, 147)
(0, -64, 148)
(1, -64, 148)
(1, -64, 149)
(1, -64, 150)
(1, -64, 151)
(1, -64, 152)
(0, -63, 153)
(0, -63, 154)
(0, -63, 155)
(1, -63, 155)
(0, -62, 155)
(1, -62, 154)
(0, -61, 154)
(1, -61, 154)
(0, -60, 155)
(1, -60, 154)
(0, -59, 154)
(1, -59, 154)
(0, -58, 154)
(1, -58, 153)
(0, -57, 153)
(1, -57, 153)
(1, -57, 154)
(1, -57, 155)
(1, -57, 156)
(0, -56, 157)
(0, -56, 158)
(0, -56, 159)
(0, -56, 160)
(1, -57, 160)
(0, -57, 160)
(1, -58, 159)
(0, -58, 159)
(1, -59, 158)
(1, -59, 157)
(0, -59, 157)
(1, -60, 156)
(0, -60, 157)
(1, -61, 156)
(0, -61, 157)
(0, -61, 158)
(1, -62, 158)
(1, -62, 159)
(1, -62, 160)
(0, -61, 161)
(1, -61, 161)
(0, -60, 161)
(1, -60, 160)
(0, -59, 160)
(1, -59, 160)
(1, -59, 161)
(0, -58, 162)
(1, -58, 161)
(0, -57, 162)
(0, -57, 163)
(0, -57, 164)
(1, -58, 164)
(1, -58, 165)
(0, -57, 166)
(1, -57, 165)
(0, -56, 166)
(1, -56, 166)
(0, -55, 166)
(0, -55, 165)
(0, -55, 164)
(1, -55, 163)
(0, -54, 164)
(1, -54, 164)
(1, -54, 165)
(0, -53, 166)
(1, -53, 166)
(0, -52, 166)
(1, -52, 166)
(0, -51, 166)
(1, -51, 165)
(1, -51, 164)
(0, -51, 164)
(1, -52, 163)
(0, -52, 164)
(1, -53, 163)
(0, -53, 163)
(1, -54, 162)
(1, -54, 161)
(0, -53, 161)
(0, -53, 160)
(1, -53, 159)
(0, -52, 159)
(0, -52, 158)
(1, -52, 157)
(0, -51, 157)
(1, -51, 157)
(1, -51, 158)
(0, -51, 159)
(0, -51, 160)
(0, -51, 161)
(0, -51, 162)
(1, -51, 162)
(0, -50, 163)
(1, -50, 163)
(1, -50, 164)
(1, -50, 165)
(1, -50, 166)
(0, -50, 167)
(0, -50, 168)
(0, -50, 169)
(1, -51, 169)
(1, -51, 170)
(0, -51, 171)
(1, -52, 170)
(0, -52, 171)
(1, -53, 171)
(0, -53, 172)
(1, -54, 171)
(1, -54, 170)
(0, -53, 170)
(0, -53, 169)
(0, -53, 168)
(1, -54, 167)
(0, -54, 168)
(1, -55, 168)
(0, -55, 169)
(1, -56, 168)
(0, -56, 168)
(1, -57, 168)
(0, -57, 169)
(0, -57, 170)
(1, -57, 170)
(1, -57, 171)
(1, -57, 172)
(1, -57, 173)
(0, -57, 174)
(1, -58, 174)
(1, -58, 175)
(0, -57, 176)
(0, -57, 177)
(1, -58, 177)
(0, -58, 177)
(1, -59, 176)
(0, -59, 177)
(0, -59, 178)
(0, -59, 179)
(1, -60, 179)
(0, -60, 179)
(1, -61, 178)
(1, -61, 177)
(0, -61, 177)
(1, -62, 177)
(0, -62, 178)
(1, -63, 178)
(1, -63, 179)
(0, -63, 180)
(1, -64, 180)
(0, -64, 180)
(0, -64, 179)
(1, -65, 178)
(0, -65, 179)
(0, -65, 180)
(0, -65, 181)
(0, -65, 182)
(1, -65, 182)
(1, -65, 183)
(0, -65, 184)
(1, -66, 183)
(0, -66, 183)
(0, -66, 182)
(0, -66, 181)
(1, -67, 180)
(1, -67, 179)
(0, -67, 179)
(0, -67, 178)
(0, -67, 177)
(1, -67, 176)
(1, -67, 175)
(0, -66, 175)
(1, -66, 174)
(0, -65, 174)
(1, -65, 173)
(0, -64, 174)
(1, -64, 173)
(1, -64, 172)
(0, -64, 172)
(1, -65, 171)
(1, -65, 170)
(0, -65, 170)
(1, -66, 170)
(1, -66, 171)
(0, -66, 172)
(1, -67, 172)
(1, -67, 173)
(0, -67, 174)
(1, -68, 174)
(0, -68, 174)
(1, -69, 174)
(1, -69, 175)
(0, -68, 176)
(0, -68, 177)
(0, -68, 178)
(1, -69, 178)
(0, -69, 179)
(1, -70, 178)
(0, -70, 179)
(1, -71, 179)
(0, -71, 179)
(1, -72, 179)
(1, -72, 180)
(1, -72, 181)
(0, -71, 182)
(0, -71, 183)
(1, -72, 183)
(1, -72, 184)
(0, -71, 185)
(1, -71, 185)
(0, -70, 186)
(0, -70, 187)
(1, -71, 187)
(1, -71, 188)
(0, -71, 189)
(0, -71, 190)
(0, -71, 191)
(1, -71, 191)
(0, -70, 191)
(1, -70, 191)
(0, -69, 192)
(1, -69, 191)
(1, -69, 190)
(0, -68, 190)
(1, -68, 190)
(0, -67, 190)
(1, -67, 190)
(0, -66, 191)
(1, -66, 191)
(0, -65, 191)
(0, -65, 190)
(1, -65, 189)
(1, -65, 188)
(0, -64, 188)
(1, -64, 187)
(0, -63, 187)
(1, -63, 186)
(1, -63, 185)
(1, -63, 184)
(0, -63, 184)
(0, -63, 183)
(1, -63, 182)
(0, -62, 183)
(1, -62, 183)
(1, -62, 184)
(1, -62, 185)
(0, -61, 186)
(1, -61, 185)
(1, -61, 184)
(1, -61, 183)
(1, -61, 182)
(1, -61, 181)
(0, -60, 181)
(1, -60, 181)
(0, -59, 181)
(1, -59, 181)
(1, -59, 182)
(0, -58, 183)
(0, -58, 184)
(1, -58, 184)
(0, -57, 185)
(1, -57, 184)
(1, -57, 183)
(0, -56, 183)
(0, -56, 182)
(1, -56, 181)
(0, -55, 181)
(0, -55, 180)
(1, -55, 179)
(1, -55, 178)
(0, -54, 178)
(1, -54, 178)
(0, -53, 178)
(0, -53, 177)
(1, -53, 176)
(0, -52, 177)
(1, -52, 176)
(0, -51, 176)
(1, -51, 176)
(1, -51, 177)
(1, -51, 178)
(0, -51, 179)
(0, -51, 180)
(1, -52, 180)
(1, -52, 181)
(1, -52, 182)
(0, -51, 183)
(1, -51, 183)
(1, -51, 184)
(1, -51, 185)
(0, -50, 186)
(1, -50, 185)
(1, -50, 184)
(0, -49, 184)
(1, -49, 183)
(0, -48, 183)
(0, -48, 182)
(1, -48, 181)
(0, -47, 182)
(1, -47, 182)
(0, -46, 182)
(0, -46, 181)
(1, -47, 180)
(0, -47, 180)
(0, -47, 179)
(1, -48, 178)
(1, -48, 177)
(0, -47, 177)
(1, -47, 176)
(0, -46, 177)
(0, -46, 178)
(0, -46, 179)
(1, -46, 179)
(0, -45, 180)
(0, -45, 181)
(0, -45, 182)
(0, -45, 183)
(1, -46, 183)
(0, -46, 184)
(1, -47, 184)
(0, -47, 184)
(1, -48, 184)
(0, -48, 185)
(1, -49, 185)
(1, -49, 186)
(0, -48, 187)
(0, -48, 188)
(1, -49, 188)
(0, -49, 189)
(0, -49, 190)
(0, -49, 191)
(1, -50, 191)
(0, -50, 191)
(1, -51, 190)
(1, -51, 189)
(1, -51, 188)
(1, -51, 187)
(0, -51, 187)
(1, -52, 186)
(0, -52, 187)
(1, -53, 187)
(1, -53, 188)
(0, -53, 189)
(1, -54, 188)
(1, -54, 187)
(0, -54, 187)
(1, -55, 186)
(0, -55, 187)
(1, -56, 186)
(0, -56, 187)
(1, -57, 187)
(0, -57, 188)
(1, -58, 187)
(0, -58, 187)
(1, -59, 187)
(0, -59, 188)
(0, -59, 189)
(1, -59, 189)
(0, -58, 190)
(1, -58, 190)
(0, -57, 190)
(1, -57, 190)
(1, -57, 191)
(1, -57, 192)
(0, -56, 193)
(0, -56, 194)
(1, -57, 194)
(0, -57, 194)
(1, -58, 193)
(1, -58, 192)
(0, -58, 192)
(1, -59, 191)
(0, -59, 192)
(0, -59, 193)
(1, -60, 193)
(0, -60, 193)
(1, -61, 192)
(1, -61, 191)
(0, -61, 191)
(0, -61, 190)
(0, -61, 189)
(0, -61, 188)
(1, -62, 187)
(0, -62, 188)
(1, -63, 188)
(0, -63, 189)
(1, -64, 189)
(1, -64, 190)
(1, -64, 191)
(0, -63, 192)
(1, -63, 192)
(0, -62, 193)
(0, -62, 194)
(1, -63, 194)
(0, -63, 195)
(1, -64, 194)
(0, -64, 194)
(1, -65, 194)
(0, -65, 195)
(1, -66, 194)
(0, -66, 194)
(1, -67, 193)
(0, -67, 193)
(1, -68, 193)
(1, -68, 194)
(0, -67, 195)
(1, -67, 195)
(1, -67, 196)
(0, -67, 197)
(1, -68, 197)
(0, -68, 198)
(0, -68, 199)
(0, -68, 200)
(1, -69, 200)
(0, -69, 200)
(1, -70, 199)
(1, -70, 198)
(0, -69, 198)
(0, -69, 197)
(0, -69, 196)
(0, -69, 195)
(1, -70, 194)
(0, -70, 195)
(0, -70, 196)
(0, -70, 197)
(1, -71, 197)
(0, -71, 197)
(0, -71, 196)
(0, -71, 195)
(1, -72, 194)
(0, -72, 194)
(1, -73, 193)
(0, -73, 194)
(1, -74, 194)
(0, -74, 195)
(0, -74, 196)
(0, -74, 197)
(1, -75, 197)
(0, -75, 197)
(1, -76, 196)
(0, -76, 197)
(1, -77, 196)
(1, -77, 195)
(1, -77, 194)
(0, -76, 194)
(1, -76, 193)
(0, -75, 194)
(1, -75, 193)
(1, -75, 192)
(1, -75, 191)
(1, -75, 190)
(0, -74, 190)
(1, -74, 189)
(1, -74, 188)
(0, -73, 188)
(1, -73, 188)
(0, -72, 188)
(1, -72, 187)
(1, -72, 186)
(0, -72, 186)
(1, -73, 185)
(0, -73, 185)
(1, -74, 185)
(0, -74, 185)
(0, -74, 184)
(1, -75, 183)
(0, -75, 184)
(1, -76, 183)
(1, -76, 182)
(0, -75, 182)
(0, -75, 181)
(1, -75, 180)
(0, -74, 181)
(0, -74, 182)
(1, -74, 182)
(0, -73, 182)
(1, -73, 181)
(1, -73, 180)
(0, -73, 180)
(1, -74, 179)
(0, -74, 179)
(0, -74, 178)
(0, -74, 177)
(1, -74, 176)
(1, -74, 175)
(0, -73, 175)
(0, -73, 174)
(1, -74, 173)
(0, -74, 173)
(0, -74, 172)
(1, -74, 171)
(1, -74, 170)
(0, -74, 170)
(1, -75, 170)
(0, -75, 171)
(0, -75, 172)
(0, -75, 173)
(1, -76, 173)
(1, -76, 174)
(1, -76, 175)
(0, -75, 176)
(0, -75, 177)
(1, -76, 177)
(1, -76, 178)
(0, -76, 179)
(0, -76, 180)
(1, -77, 180)
(0, -77, 180)
(1, -78, 179)
(1, -78, 178)
(1, -78, 177)
(1, -78, 176)
(1, -78, 175)
(1, -78, 174)
(0, -77, 174)
(1, -77, 173)
(1, -77, 172)
(0, -76, 172)
(0, -76, 171)
(1, -77, 170)
(0, -77, 171)
(1, -78, 171)
(1, -78, 172)
(0, -78, 173)
(1, -79, 172)
(1, -79, 171)
(1, -79, 170)
(0, -78, 170)
(0, -78, 169)
(1, -79, 168)
(1, -79, 167)
(0, -79, 167)
(1, -80, 166)
(1, -80, 165)
(0, -79, 165)
(1, -79, 165)
(0, -78, 165)
(0, -78, 164)
(1, -79, 163)
(1, -79, 162)
(0, -79, 162)
(0, -79, 161)
(1, -80, 160)
(1, -80, 159)
(0, -80, 159)
(0, -80, 158)
(1, -81, 157)
(1, -81, 156)
(0, -80, 156)
(1, -80, 155)
(0, -79, 156)
(1, -79, 155)
(1, -79, 154)
(0, -78, 154)
(1, -78, 153)
(0, -77, 153)
(1, -77, 152)
(1, -77, 151)
(0, -76, 151)
(0, -76, 150)
(0, -76, 149)
(1, -76, 148)
(0, -75, 148)
(1, -75, 147)
(1, -75, 146)
(0, -75, 146)
(1, -76, 145)
(1, -76, 144)
(0, -75, 144)
(0, -75, 143)
(1, -76, 142)
(1, -76, 141)
(0, -76, 141)
(1, -77, 140)
(1, -77, 139)
(0, -77, 139)
(0, -77, 138)
(1, -77, 137)
(0, -76, 137)
(1, -76, 137)
(0, -75, 138)
(0, -75, 139)
(0, -75, 140)
(1, -75, 140)
(0, -74, 140)
(1, -74, 139)
(0, -73, 140)
(1, -73, 140)
(1, -73, 141)
(0, -72, 142)
(1, -72, 142)
(1, -72, 143)
(0, -71, 144)
(1, -71, 144)
(1, -71, 145)
(0, -70, 146)
(0, -70, 147)
(1, -71, 147)
(0, -71, 147)
(1, -72, 146)
(0, -72, 147)
(1, -73, 147)
(0, -73, 148)
(1, -74, 148)
(0, -74, 149)
(0, -74, 150)
(0, -74, 151)
(0, -74, 152)
(1, -75, 152)
(0, -75, 153)
(0, -75, 154)
(1, -76, 154)
(0, -76, 155)
(1, -77, 155)
(1, -77, 156)
(0, -76, 157)
(1, -76, 157)
(0, -75, 157)
(1, -75, 157)
(0, -74, 158)
(1, -74, 158)
(0, -73, 159)
(1, -73, 159)
(0, -72, 159)
(1, -72, 159)
(0, -71, 160)
(1, -71, 159)
(1, -71, 158)
(1, -71, 157)
(0, -70, 157)
(1, -70, 156)
(0, -69, 156)
(1, -69, 156)
(0, -68, 157)
(0, -68, 158)
(1, -69, 158)
(0, -69, 158)
(1, -70, 158)
(1, -70, 159)
(1, -70, 160)
(1, -70, 161)
(1, -70, 162)
(1, -70, 163)
(0, -70, 164)
(1, -71, 163)
(0, -71, 163)
(1, -72, 162)
(0, -72, 163)
(0, -72, 164)
(1, -72, 164)
(0, -71, 165)
(1, -71, 165)
(0, -70, 166)
(1, -70, 165)
(0, -69, 166)
(1, -69, 166)
(0, -68, 167)
(1, -68, 167)
(1, -68, 168)
(0, -67, 169)
(1, -67, 168)
(1, -67, 167)
(0, -66, 167)
(1, -66, 167)
(0, -65, 168)
(1, -65, 167)
(0, -64, 167)
(0, -64, 166)
(1, -65, 165)
(1, -65, 164)
(0, -64, 164)
(1, -64, 163)
(0, -63, 164)
(0, -63, 165)
(0, -63, 166)
(1, -63, 166)
(0, -62, 166)
(1, -62, 166)
(0, -61, 166)
(0, -61, 165)
(1, -62, 164)
(1, -62, 163)
(1, -62, 162)
(0, -62, 162)
(1, -63, 161)
(0, -63, 161)
(0, -63, 160)
(0, -63, 159)
(1, -63, 158)
(1, -63, 157)
(0, -63, 157)
(1, -64, 156)
(0, -64, 156)
(1, -65, 156)
(0, -65, 157)
(0, -65, 158)
(1, -65, 158)
(1, -65, 159)
(0, -64, 160)
(0, -64, 161)
(0, -64, 162)
(1, -65, 162)
(0, -65, 163)
(1, -66, 162)
(0, -66, 162)
(1, -67, 161)
(1, -67, 160)
(0, -67, 160)
(0, -67, 159)
(1, -67, 158)
(1, -67, 157)
(1, -67, 156)
(1, -67, 155)
(0, -66, 155)
(1, -66, 154)
(1, -66, 153)
(0, -66, 153)
(1, -67, 152)
(0, -67, 152)
(1, -68, 152)
(0, -68, 153)
(1, -69, 153)
(0, -69, 153)
(1, -70, 153)
(1, -70, 154)
(0, -70, 155)
(1, -71, 154)
(0, -71, 155)
(1, -72, 155)
(1, -72, 156)
(0, -72, 157)
(1, -73, 156)
(1, -73, 155)
(0, -73, 155)
(1, -74, 154)
(1, -74, 153)
(0, -73, 153)
(1, -73, 152)
(0, -72, 153)
(1, -72, 153)
(0, -71, 153)
(0, -71, 152)
(1, -71, 151)
(0, -70, 151)
(1, -70, 151)
(0, -69, 151)
(0, -69, 150)
(0, -69, 149)
(0, -69, 148)
(0, -69, 147)
(1, -69, 146)
(1, -69, 145)
(1, -69, 144)
(0, -68, 144)
(1, -68, 144)
(1, -68, 145)
(0, -67, 146)
(0, -67, 147)
(1, -67, 147)
(0, -66, 148)
(1, -66, 148)
(0, -65, 148)
(0, -65, 147)
(0, -65, 146)
(1, -66, 145)
(0, -66, 145)
(1, -67, 144)
(1, -67, 143)
(1, -67, 142)
(0, -66, 142)
(1, -66, 142)
(0, -65, 143)
(1, -65, 142)
(0, -64, 142)
(0, -64, 141)
(1, -65, 140)
(0, -65, 141)
(1, -66, 140)
(0, -66, 140)
(1, -67, 140)
(0, -67, 140)
(1, -68, 139)
(0, -68, 140)
(0, -68, 141)
(1, -69, 141)
(1, -69, 142)
(0, -69, 143)
(1, -70, 143)
(0, -70, 143)
(1, -71, 142)
(1, -71, 141)
(0, -71, 141)
(1, -72, 140)
(1, -72, 139)
(0, -71, 139)
(0, -71, 138)
(0, -71, 137)
(0, -71, 136)
(0, -71, 135)
(1, -71, 134)
(0, -70, 134)
(1, -70, 134)
(0, -69, 135)
(1, -69, 134)
(0, -68, 134)
(0, -68, 133)
(0, -68, 132)
(1, -68, 131)
(1, -68, 130)
(0, -68, 130)
(1, -69, 129)
(1, -69, 128)
(0, -69, 128)
(1, -70, 127)
(0, -70, 127)
(1, -71, 127)
(0, -71, 127)
(0, -71, 126)
(1, -72, 125)
(0, -72, 126)
(1, -73, 126)
(1, -73, 127)
(0, -73, 128)
(1, -74, 127)
(0, -74, 127)
(0, -74, 126)
(0, -74, 125)
(1, -75, 124)
(0, -75, 125)
(0, -75, 126)
(0, -75, 127)
(0, -75, 128)
(1, -76, 128)
(0, -76, 129)
(1, -77, 129)
(1, -77, 130)
(1, -77, 131)
(0, -76, 132)
(1, -76, 132)
(1, -76, 133)
(0, -76, 134)
(1, -77, 134)
(1, -77, 135)
(0, -77, 136)
(1, -78, 135)
(1, -78, 134)
(0, -78, 134)
(1, -79, 134)
(0, -79, 134)
(1, -80, 133)
(0, -80, 134)
(0, -80, 135)
(0, -80, 136)
(1, -81, 136)
(1, -81, 137)
(1, -81, 138)
(0, -81, 139)
(1, -82, 139)
(0, -82, 139)
(1, -83, 138)
(0, -83, 139)
(1, -84, 139)
(0, -84, 140)
(0, -84, 141)
(0, -84, 142)
(1, -84, 142)
(1, -84, 143)
(0, -83, 144)
(1, -83, 144)
(1, -83, 145)
(0, -82, 146)
(0, -82, 147)
(1, -83, 147)
(0, -83, 148)
(1, -84, 147)
(0, -84, 147)
(1, -85, 146)
(0, -85, 146)
(0, -85, 145)
(1, -85, 144)
(1, -85, 143)
(0, -85, 143)
(1, -86, 142)
(0, -86, 143)
(1, -87, 142)
(0, -87, 142)
(1, -88, 142)
(1, -88, 143)
(0, -87, 144)
(0, -87, 145)
(1, -87, 145)
(1, -87, 146)
(1, -87, 147)
(0, -86, 148)
(0, -86, 149)
(0, -86, 150)
(0, -86, 151)
(1, -86, 151)
(0, -85, 152)
(1, -85, 151)
(1, -85, 150)
(0, -84, 150)
(1, -84, 149)
(0, -83, 150)
(1, -83, 150)
(0, -82, 150)
(0, -82, 149)
(1, -82, 148)
(0, -81, 148)
(0, -81, 147)
(1, -81, 146)
(0, -80, 146)
(1, -80, 145)
(1, -80, 144)
(0, -79, 144)
(1, -79, 144)
(0, -78, 145)
(1, -78, 144)
(1, -78, 143)
(0, -78, 143)
(0, -78, 142)
(1, -78, 141)
(0, -77, 142)
(1, -77, 142)
(1, -77, 143)
(1, -77, 144)
(1, -77, 145)
(0, -77, 146)
(1, -78, 146)
(1, -78, 147)
(0, -78, 148)
(0, -78, 149)
(1, -78, 149)
(1, -78, 150)
(1, -78, 151)
(0, -78, 152)
(1, -79, 152)
(0, -79, 153)
(1, -80, 153)
(0, -80, 154)
(1, -81, 153)
(0, -81, 153)
(1, -82, 153)
(0, -82, 153)
(1, -83, 153)
(0, -83, 153)
(1, -84, 153)
(0, -84, 154)
(1, -85, 154)
(1, -85, 155)
(1, -85, 156)
(0, -84, 157)
(1, -84, 156)
(1, -84, 155)
(0, -83, 155)
(1, -83, 155)
(0, -82, 156)
(0, -82, 157)
(1, -82, 157)
(1, -82, 158)
(0, -82, 159)
(1, -83, 158)
(0, -83, 158)
(1, -84, 158)
(0, -84, 159)
(1, -85, 159)
(0, -85, 159)
(1, -86, 159)
(1, -86, 160)
(0, -85, 161)
(1, -85, 161)
(0, -84, 162)
(0, -84, 163)
(1, -84, 163)
(1, -84, 164)
(0, -84, 165)
(1, -85, 165)
(0, -85, 166)
(0, -85, 167)
(0, -85, 168)
(1, -85, 168)
(0, -84, 168)
(0, -84, 167)
(1, -84, 166)
(0, -83, 167)
(1, -83, 167)
(0, -82, 167)
(0, -82, 166)
(1, -83, 165)
(1, -83, 164)
(0, -82, 164)
(0, -82, 163)
(1, -82, 162)
(0, -81, 163)
(0, -81, 164)
(1, -81, 164)
(1, -81, 165)
(1, -81, 166)
(0, -81, 167)
(0, -81, 168)
(1, -82, 168)
(1, -82, 169)
(0, -82, 170)
(0, -82, 171)
(0, -82, 172)
(1, -82, 172)
(0, -81, 173)
(1, -81, 173)
(0, -80, 173)
(1, -80, 173)
(0, -79, 174)
(0, -79, 175)
(0, -79, 176)
(1, -79, 176)
(1, -79, 177)
(0, -79, 178)
(1, -80, 178)
(0, -80, 179)
(0, -80, 180)
(0, -80, 181)
(1, -80, 181)
(0, -79, 181)
(1, -79, 181)
(0, -78, 181)
(1, -78, 181)
(1, -78, 182)
(0, -77, 183)
(0, -77, 184)
(0, -77, 185)
(1, -78, 185)
(0, -78, 185)
(1, -79, 185)
(0, -79, 186)
(1, -80, 185)
(0, -80, 185)
(0, -80, 184)
(1, -81, 183)
(0, -81, 183)
(1, -82, 183)
(0, -82, 183)
(1, -83, 182)
(0, -83, 183)
(0, -83, 184)
(1, -83, 184)
(0, -82, 185)
(0, -82, 186)
(1, -83, 186)
(1, -83, 187)
(0, -82, 188)
(0, -82, 189)
(0, -82, 190)
(0, -82, 191)
(0, -82, 192)
(1, -82, 192)
(1, -82, 193)
(0, -81, 194)
(1, -81, 193)
(0, -80, 194)
(0, -80, 195)
(1, -80, 195)
(0, -79, 196)
(1, -79, 195)
(0, -78, 196)
(1, -78, 196)
(1, -78, 197)
(1, -78, 198)
(0, -78, 199)
(1, -79, 199)
(0, -79, 199)
(1, -80, 198)
(0, -80, 199)
(0, -80, 200)
(1, -81, 200)
(0, -81, 200)
(1, -82, 200)
(0, -82, 200)
(1, -83, 200)
(0, -83, 200)
(1, -84, 199)
(1, -84, 198)
(0, -84, 198)
(1, -85, 198)
(0, -85, 198)
(0, -85, 197)
(1, -86, 196)
(1, -86, 195)
(0, -86, 195)
(1, -87, 194)
(0, -87, 195)
(1, -88, 195)
(0, -88, 196)
(1, -89, 195)
(1, -89, 194)
(1, -89, 193)
(0, -88, 193)
(1, -88, 192)
(1, -88, 191)
(1, -88, 190)
(0, -87, 190)
(1, -87, 190)
(1, -87, 191)
(0, -86, 192)
(1, -86, 191)
(1, -86, 190)
(1, -86, 189)
(0, -86, 189)
(1, -87, 188)
(1, -87, 187)
(0, -86, 187)
(1, -86, 186)
(1, -86, 185)
(0, -85, 185)
(1, -85, 185)
(0, -84, 185)
(0, -84, 184)
(1, -85, 183)
(1, -85, 182)
(0, -84, 182)
(1, -84, 181)
(1, -84, 180)
(0, -84, 180)
(1, -85, 180)
(0, -85, 180)
(1, -86, 180)
(0, -86, 180)
(0, -86, 179)
(1, -87, 178)
(0, -87, 179)
(1, -88, 179)
(1, -88, 180)
(0, -87, 181)
(1, -87, 181)
(1, -87, 182)
(0, -87, 183)
(1, -88, 182)
(0, -88, 182)
(1, -89, 181)
(0, -89, 182)
(1, -90, 182)
(1, -90, 183)
(0, -89, 184)
(1, -89, 183)
(0, -88, 184)
(0, -88, 185)
(1, -88, 185)
(1, -88, 186)
(1, -88, 187)
(1, -88, 188)
(0, -88, 189)
(1, -89, 189)
(0, -89, 190)
(1, -90, 189)
(0, -90, 190)
(0, -90, 191)
(0, -90, 192)
(0, -90, 193)
(0, -90, 194)
(1, -90, 194)
(1, -90, 195)
(1, -90, 196)
(1, -90, 197)
(1, -90, 198)
(0, -90, 199)
(1, -91, 199)
(0, -91, 199)
(1, -92, 199)
(0, -92, 199)
(1, -93, 199)
(0, -93, 199)
(1, -94, 198)
(0, -94, 199)
(1, -95, 198)
(0, -95, 199)
(1, -96, 199)
(0, -96, 199)
(1, -97, 199)
(0, -97, 199)
(1, -98, 199)
(0, -98, 199)
(0, -98, 198)
(1, -98, 197)
(0, -97, 197)
(1, -97, 197)
(0, -96, 197)
(0, -96, 196)
(1, -97, 195)
(0, -97, 195)
(1, -98, 195)
(0, -98, 196)
(1, -99, 196)
(0, -99, 196)
(1, -100, 195)
(1, -100, 194)
(0, -100, 194)
(0, -100, 193)
(0, -100, 192)
(0, -100, 191)
(0, -100, 190)
(0, -100, 189)
(0, -100, 188)
(0, -100, 187)
(0, -100, 186)
(1, -100, 185)
(0, -99, 186)
(1, -99, 185)
(0, -98, 185)
(0, -98, 184)
(1, -98, 183)
(0, -97, 184)
(1, -97, 183)
(0, -96, 183)
(1, -96, 183)
(1, -96, 184)
(0, -96, 185)
(0, -96, 186)
(1, -97, 186)
(0, -97, 186)
(1, -98, 186)
(1, -98, 187)
(1, -98, 188)
(0, -97, 189)
(1, -97, 188)
(0, -96, 188)
(1, -96, 188)
(1, -96, 189)
(0, -96, 190)
(0, -96, 191)
(0, -96, 192)
(1, -96, 192)
(0, -95, 192)
(1, -95, 191)
(0, -94, 192)
(0, -94, 193)
(1, -94, 193)
(0, -93, 194)
(1, -93, 194)
(0, -92, 194)
(1, -92, 194)
(0, -91, 194)
(0, -91, 193)
(0, -91, 192)
(1, -92, 191)
(1, -92, 190)
(0, -92, 190)
(1, -93, 189)
(1, -93, 188)
(1, -93, 187)
(1, -93, 186)
(1, -93, 185)
(0, -93, 185)
(1, -94, 185)
(0, -94, 185)
(1, -95, 184)
(1, -95, 183)
(1, -95, 182)
(1, -95, 181)
(1, -95, 180)
(1, -95, 179)
(0, -94, 179)
(0, -94, 178)
(1, -94, 177)
(1, -94, 176)
(1, -94, 175)
(0, -93, 175)
(1, -93, 174)
(1, -93, 173)
(0, -92, 173)
(1, -92, 172)
(1, -92, 171)
(0, -92, 171)
(1, -93, 170)
(1, -93, 169)
(0, -93, 169)
(0, -93, 168)
(1, -94, 167)
(1, -94, 166)
(0, -94, 166)
(1, -95, 165)
(0, -95, 165)
(1, -96, 165)
(0, -96, 166)
(1, -97, 165)
(1, -97, 164)
(0, -96, 164)
(0, -96, 163)
(1, -96, 162)
(0, -95, 163)
(1, -95, 162)
(1, -95, 161)
(0, -94, 161)
(1, -94, 161)
(1, -94, 162)
(1, -94, 163)
(1, -94, 164)
(0, -93, 165)
(1, -93, 165)
(0, -92, 165)
(1, -92, 164)
(0, -91, 164)
(0, -91, 163)
(0, -91, 162)
(1, -92, 161)
(0, -92, 161)
(1, -93, 160)
(1, -93, 159)
(0, -93, 159)
(0, -93, 158)
(1, -93, 157)
(1, -93, 156)
(0, -92, 156)
(0, -92, 155)
(0, -92, 154)
(0, -92, 153)
(0, -92, 152)
(0, -92, 151)
(0, -92, 150)
(1, -93, 149)
(0, -93, 150)
(1, -94, 150)
(0, -94, 150)
(1, -95, 149)
(0, -95, 150)
(1, -96, 150)
(1, -96, 151)
(0, -96, 152)
(0, -96, 153)
(1, -96, 153)
(0, -95, 154)
(1, -95, 154)
(1, -95, 155)
(1, -95, 156)
(1, -95, 157)
(1, -95, 158)
(0, -95, 159)
(0, -95, 160)
(1, -96, 160)
(0, -96, 160)
(1, -97, 159)
(0, -97, 160)
(1, -98, 160)
(1, -98, 161)
(1, -98, 162)
(1, -98, 163)
(0, -98, 164)
(0, -98, 165)
(1, -99, 165)
(1, -99, 166)
(1, -99, 167)
(0, -98, 168)
(1, -98, 168)
(0, -97, 169)
(1, -97, 168)
(0, -96, 169)
(1, -96, 169)
(0, -95, 170)
(0, -95, 171)
(1, -96, 171)
(0, -96, 171)
(1, -97, 171)
(0, -97, 171)
(1, -98, 170)
(0, -98, 171)
(1, -99, 170)
(0, -99, 171)
(1, -100, 170)
(0, -100, 170)
(0, -100, 169)
(0, -100, 168)
(0, -100, 167)
(0, -100, 166)
(1, -100, 165)
(1, -100, 164)
(0, -99, 164)
(0, -99, 163)
(0, -99, 162)
(1, -100, 161)
(0, -100, 161)
(0, -100, 160)
(0, -100, 159)
(1, -100, 158)
(0, -99, 158)
(1, -99, 158)
(0, -98, 158)
(0, -98, 157)
(1, -99, 156)
(1, -99, 155)
(1, -99, 154)
(0, -98, 154)
(1, -98, 153)
(0, -97, 153)
(0, -97, 152)
(0, -97, 151)
(0, -97, 150)
(1, -98, 149)
(0, -98, 149)
(1, -99, 148)
(1, -99, 147)
(0, -98, 147)
(1, -98, 146)
(1, -98, 145)
(1, -98, 144)
(0, -97, 144)
(0, -97, 143)
(0, -97, 142)
(1, -97, 141)
(1, -97, 140)
(0, -97, 140)
(0, -97, 139)
(0, -97, 138)
(1, -98, 137)
(0, -98, 138)
(1, -99, 137)
(1, -99, 136)
(0, -98, 136)
(1, -98, 135)
(0, -97, 136)
(1, -97, 135)
(0, -96, 135)
(0, -96, 134)
(1, -97, 133)
(0, -97, 133)
(1, -98, 132)
(0, -98, 132)
(0, -98, 131)
(0, -98, 130)
(1, -98, 129)
(0, -97, 129)
(0, -97, 128)
(1, -98, 127)
(0, -98, 128)
(1, -99, 128)
(0, -99, 128)
(0, -99, 127)
(1, -100, 126)
(1, -100, 125)
(1, -100, 124)
(1, -100, 123)
(1, -100, 122)
(0, -100, 122)
(0, -100, 121)
(0, -100, 120)
(1, -100, 119)
(1, -100, 118)
(0, -100, 118)
(0, -100, 117)
(0, -100, 116)
(1, -100, 115)
(0, -99, 116)
(1, -99, 115)
(1, -99, 114)
(1, -99, 113)
(0, -98, 113)
(0, -98, 112)
(0, -98, 111)
(0, -98, 110)
(1, -99, 109)
(1, -99, 108)
(1, -99, 107)
(1, -99, 106)
(0, -98, 106)
(1, -98, 106)
(0, -97, 106)
(1, -97, 106)
(1, -97, 107)
(0, -96, 108)
(0, -96, 109)
(1, -97, 109)
(1, -97, 110)
(0, -97, 111)
(0, -97, 112)
(1, -97, 112)
(0, -96, 113)
(1, -96, 113)
(0, -95, 114)
(1, -95, 113)
(1, -95, 112)
(0, -94, 112)
(1, -94, 111)
(0, -93, 112)
(1, -93, 112)
(0, -92, 113)
(1, -92, 112)
(0, -91, 112)
(0, -91, 111)
(1, -91, 110)
(0, -90, 111)
(1, -90, 111)
(0, -89, 111)
(1, -89, 111)
(0, -88, 111)
(0, -88, 110)
(0, -88, 109)
(1, -88, 108)
(0, -87, 108)
(1, -87, 107)
(1, -87, 106)
(0, -86, 106)
(1, -86, 105)
(1, -86, 104)
(0, -86, 104)
(1, -87, 103)
(1, -87, 102)
(0, -87, 102)
(0, -87, 101)
(1, -87, 100)
(0, -86, 101)
(1, -86, 100)
(0, -85, 101)
(1, -85, 101)
(1, -85, 102)
(0, -84, 103)
(1, -84, 102)
(1, -84, 101)
(0, -83, 101)
(1, -83, 101)
(0, -82, 101)
(1, -82, 101)
(0, -81, 101)
(1, -81, 101)
(1, -81, 102)
(0, -80, 103)
(1, -80, 103)
(1, -80, 104)
(0, -80, 105)
(1, -81, 105)
(0, -81, 106)
(1, -82, 105)
(0, -82, 106)
(1, -83, 105)
(0, -83, 106)
(0, -83, 107)
(1, -84, 107)
(0, -84, 108)
(0, -84, 109)
(1, -84, 109)
(0, -83, 109)
(1, -83, 109)
(1, -83, 110)
(0, -82, 111)
(1, -82, 110)
(1, -82, 109)
(1, -82, 108)
(0, -81, 108)
(1, -81, 107)
(0, -80, 108)
(1, -80, 107)
(0, -79, 107)
(1, -79, 106)
(1, -79, 105)
(1, -79, 104)
(0, -78, 104)
(1, -78, 103)
(0, -77, 103)
(1, -77, 102)
(0, -76, 102)
(1, -76, 101)
(0, -75, 101)
(1, -75, 101)
(0, -74, 101)
(1, -74, 100)
(0, -73, 101)
(1, -73, 101)
(0, -72, 101)
(0, -72, 100)
(0, -72, 99)
(0, -72, 98)
(0, -72, 97)
(1, -73, 96)
(0, -73, 96)
(1, -74, 95)
(0, -74, 95)
(1, -75, 94)
(0, -75, 95)
(0, -75, 96)
(1, -75, 96)
(1, -75, 97)
(0, -75, 98)
(1, -76, 98)
(1, -76, 99)
(0, -76, 100)
(1, -77, 100)
(0, -77, 101)
(1, -78, 100)
(0, -78, 100)
(1, -79, 100)
(0, -79, 101)
(1, -80, 100)
(1, -80, 99)
(0, -80, 99)
(1, -81, 99)
(0, -81, 99)
(1, -82, 98)
(0, -82, 99)
(1, -83, 98)
(0, -83, 99)
(1, -84, 98)
(1, -84, 97)
(1, -84, 96)
(0, -83, 96)
(1, -83, 95)
(1, -83, 94)
(1, -83, 93)
(1, -83, 92)
(1, -83, 91)
(0, -82, 91)
(1, -82, 91)
(0, -81, 92)
(0, -81, 93)
(1, -82, 93)
(1, -82, 94)
(0, -81, 95)
(1, -81, 94)
(0, -80, 95)
(1, -80, 95)
(1, -80, 96)
(0, -79, 97)
(1, -79, 97)
(0, -78, 98)
(1, -78, 97)
(0, -77, 97)
(0, -77, 96)
(1, -78, 95)
(1, -78, 94)
(1, -78, 93)
(1, -78, 92)
(0, -78, 92)
(0, -78, 91)
(1, -79, 90)
(1, -79, 89)
(0, -78, 89)
(1, -78, 89)
(0, -77, 89)
(1, -77, 89)
(1, -77, 90)
(1, -77, 91)
(1, -77, 92)
(0, -76, 93)
(1, -76, 93)
(0, -75, 93)
(1, -75, 92)
(0, -74, 92)
(0, -74, 91)
(0, -74, 90)
(1, -74, 89)
(1, -74, 88)
(0, -73, 88)
(1, -73, 87)
(1, -73, 86)
(0, -72, 86)
(0, -72, 85)
(0, -72, 84)
(1, -72, 83)
(0, -71, 84)
(1, -71, 84)
(1, -71, 85)
(1, -71, 86)
(0, -71, 87)
(1, -72, 87)
(1, -72, 88)
(0, -71, 89)
(1, -71, 88)
(0, -70, 89)
(1, -70, 89)
(0, -69, 90)
(1, -69, 90)
(1, -69, 91)
(0, -68, 92)
(0, -68, 93)
(1, -68, 93)
(0, -67, 93)
(1, -67, 92)
(0, -66, 93)
(0, -66, 94)
(1, -67, 94)
(1, -67, 95)
(0, -67, 96)
(1, -68, 95)
(0, -68, 96)
(0, -68, 97)
(0, -68, 98)
(1, -69, 98)
(0, -69, 98)
(1, -70, 98)
(1, -70, 99)
(1, -70, 100)
(0, -69, 101)
(1, -69, 100)
(0, -68, 101)
(1, -68, 101)
(1, -68, 102)
(1, -68, 103)
(0, -67, 104)
(0, -67, 105)
(1, -67, 105)
(0, -66, 106)
(1, -66, 105)
(0, -65, 106)
(0, -65, 107)
(1, -66, 107)
(1, -66, 108)
(0, -65, 109)
(1, -65, 109)
(0, -64, 109)
(1, -64, 108)
(0, -63, 108)
(1, -63, 108)
(1, -63, 109)
(0, -63, 110)
(0, -63, 111)
(1, -64, 111)
(1, -64, 112)
(0, -64, 113)
(1, -65, 113)
(1, -65, 114)
(0, -65, 115)
(1, -66, 114)
(0, -66, 115)
(1, -67, 115)
(0, -67, 116)
(0, -67, 117)
(1, -67, 117)
(1, -67, 118)
(0, -66, 119)
(0, -66, 120)
(1, -67, 120)
(0, -67, 120)
(1, -68, 120)
(0, -68, 120)
(1, -69, 119)
(0, -69, 119)
(0, -69, 118)
(1, -70, 117)
(1, -70, 116)
(0, -69, 116)
(1, -69, 115)
(0, -68, 115)
(1, -68, 114)
(0, -67, 114)
(1, -67, 113)
(0, -66, 113)
(0, -66, 112)
(1, -67, 111)
(0, -67, 111)
(1, -68, 111)
(0, -68, 112)
(0, -68, 113)
(1, -69, 113)
(0, -69, 114)
(1, -70, 114)
(0, -70, 115)
(1, -71, 114)
(0, -71, 114)
(1, -72, 113)
(0, -72, 113)
(1, -73, 112)
(0, -73, 112)
(1, -74, 111)
(0, -74, 112)
(1, -75, 111)
(0, -75, 112)
(0, -75, 113)
(1, -75, 113)
(0, -74, 114)
(0, -74, 115)
(1, -75, 115)
(1, -75, 116)
(0, -74, 117)
(1, -74, 117)
(0, -73, 117)
(1, -73, 116)
(0, -72, 116)
(1, -72, 116)
(0, -71, 116)
(1, -71, 116)
(1, -71, 117)
(0, -71, 118)
(0, -71, 119)
(1, -71, 119)
(0, -70, 120)
(0, -70, 121)
(0, -70, 122)
(0, -70, 123)
(1, -70, 123)
(1, -70, 124)
(1, -70, 125)
(0, -69, 126)
(1, -69, 126)
(0, -68, 127)
(1, -68, 126)
(1, -68, 125)
(0, -67, 125)
(1, -67, 125)
(0, -66, 125)
(1, -66, 125)
(0, -65, 126)
(1, -65, 126)
(1, -65, 127)
(0, -65, 128)
(1, -66, 127)
(0, -66, 128)
(1, -67, 127)
(0, -67, 128)
(0, -67, 129)
(1, -67, 129)
(1, -67, 130)
(0, -66, 131)
(0, -66, 132)
(1, -67, 132)
(0, -67, 133)
(0, -67, 134)
(1, -67, 134)
(1, -67, 135)
(0, -67, 136)
(1, -68, 135)
(0, -68, 136)
(0, -68, 137)
(1, -68, 137)
(0, -67, 138)
(1, -67, 138)
(0, -66, 138)
(1, -66, 137)
(1, -66, 136)
(1, -66, 135)
(0, -65, 135)
(1, -65, 134)
(1, -65, 133)
(0, -64, 133)
(1, -64, 132)
(1, -64, 131)
(0, -64, 131)
(1, -65, 131)
(0, -65, 131)
(0, -65, 130)
(1, -65, 129)
(0, -64, 129)
(1, -64, 129)
(0, -63, 129)
(1, -63, 129)
(0, -62, 129)
(0, -62, 128)
(0, -62, 127)
(1, -63, 126)
(1, -63, 125)
(0, -63, 125)
(1, -64, 124)
(0, -64, 125)
(1, -65, 124)
(1, -65, 123)
(0, -64, 123)
(1, -64, 122)
(1, -64, 121)
(0, -64, 121)
(1, -65, 120)
(0, -65, 120)
(0, -65, 119)
(1, -65, 118)
(0, -64, 118)
(1, -64, 118)
(1, -64, 119)
(0, -63, 120)
(1, -63, 120)
(0, -62, 120)
(0, -62, 119)
(1, -63, 118)
(1, -63, 117)
(0, -62, 117)
(1, -62, 116)
(1, -62, 115)
(1, -62, 114)
(1, -62, 113)
(1, -62, 112)
(1, -62, 111)
(0, -61, 111)
(1, -61, 110)
(0, -60, 111)
(1, -60, 110)
(0, -59, 111)
(1, -59, 111)
(0, -58, 111)
(0, -58, 110)
(1, -59, 109)
(1, -59, 108)
(0, -59, 108)
(1, -60, 108)
(0, -60, 108)
(1, -61, 108)
(0, -61, 108)
(1, -62, 107)
(1, -62, 106)
(0, -62, 106)
(1, -63, 106)
(0, -63, 106)
(1, -64, 106)
(0, -64, 106)
(0, -64, 105)
(0, -64, 104)
(1, -64, 103)
(0, -63, 103)
(1, -63, 103)
(0, -62, 104)
(1, -62, 104)
(0, -61, 105)
(1, -61, 104)
(0, -60, 104)
(1, -60, 104)
(1, -60, 105)
(0, -59, 106)
(1, -59, 106)
(0, -58, 106)
(1, -58, 105)
(1, -58, 104)
(0, -58, 104)
(0, -58, 103)
(1, -58, 102)
(1, -58, 101)
(1, -58, 100)
(0, -58, 100)
(1, -59, 99)
(0, -59, 99)
(1, -60, 98)
(0, -60, 99)
(1, -61, 98)
(1, -61, 97)
(0, -61, 97)
(0, -61, 96)
(1, -61, 95)
(0, -60, 95)
(0, -60, 94)
(1, -60, 93)
(1, -60, 92)
(1, -60, 91)
(1, -60, 90)
(0, -60, 90)
(1, -61, 90)
(0, -61, 90)
(0, -61, 89)
(0, -61, 88)
(1, -61, 87)
(1, -61, 86)
(0, -61, 86)
(1, -62, 86)
(0, -62, 86)
(1, -63, 85)
(0, -63, 85)
(1, -64, 85)
(1, -64, 86)
(0, -64, 87)
(1, -65, 86)
(0, -65, 87)
(1, -66, 86)
(0, -66, 86)
(0, -66, 85)
(1, -67, 84)
(0, -67, 85)
(1, -68, 85)
(0, -68, 85)
(0, -68, 84)
(0, -68, 83)
(1, -68, 82)
(0, -67, 82)
(1, -67, 81)
(0, -66, 81)
(1, -66, 80)
(0, -65, 81)
(1, -65, 81)
(0, -64, 82)
(1, -64, 81)
(1, -64, 80)
(0, -64, 80)
(1, -65, 79)
(0, -65, 79)
(1, -66, 78)
(0, -66, 79)
(1, -67, 78)
(1, -67, 77)
(1, -67, 76)
(1, -67, 75)
(0, -66, 75)
(0, -66, 74)
(1, -66, 73)
(1, -66, 72)
(0, -66, 72)
(0, -66, 71)
(1, -67, 70)
(1, -67, 69)
(1, -67, 68)
(0, -67, 68)
(1, -68, 67)
(0, -68, 68)
(1, -69, 67)
(0, -69, 68)
(1, -70, 68)
(1, -70, 69)
(1, -70, 70)
(1, -70, 71)
(0, -69, 72)
(1, -69, 71)
(0, -68, 72)
(0, -68, 73)
(1, -68, 73)
(1, -68, 74)
(0, -68, 75)
(1, -69, 74)
(0, -69, 74)
(1, -70, 73)
(0, -70, 74)
(1, -71, 74)
(0, -71, 74)
(1, -72, 74)
(1, -72, 75)
(0, -72, 76)
(1, -73, 76)
(1, -73, 77)
(1, -73, 78)
(1, -73, 79)
(1, -73, 80)
(0, -73, 81)
(1, -74, 80)
(1, -74, 79)
(0, -74, 79)
(1, -75, 79)
(0, -75, 79)
(1, -76, 79)
(0, -76, 80)
(0, -76, 81)
(1, -76, 81)
(0, -75, 82)
(0, -75, 83)
(1, -75, 83)
(1, -75, 84)
(0, -74, 85)
(1, -74, 85)
(1, -74, 86)
(0, -74, 87)
(1, -75, 87)
(1, -75, 88)
(0, -75, 89)
(1, -76, 88)
(0, -76, 88)
(0, -76, 87)
(0, -76, 86)
(0, -76, 85)
(1, -77, 84)
(0, -77, 85)
(0, -77, 86)
(0, -77, 87)
(1, -78, 87)
(0, -78, 87)
(0, -78, 86)
(1, -79, 85)
(0, -79, 86)
(1, -80, 86)
(0, -80, 87)
(1, -81, 87)
(1, -81, 88)
(0, -81, 89)
(1, -82, 88)
(0, -82, 89)
(1, -83, 89)
(0, -83, 90)
(1, -84, 90)
(1, -84, 91)
(1, -84, 92)
(0, -84, 93)
(1, -85, 93)
(0, -85, 93)
(1, -86, 92)
(0, -86, 93)
(1, -87, 93)
(1, -87, 94)
(1, -87, 95)
(0, -87, 96)
(1, -88, 96)
(1, -88, 97)
(1, -88, 98)
(0, -88, 99)
(0, -88, 100)
(0, -88, 101)
(0, -88, 102)
(0, -88, 103)
(1, -89, 103)
(0, -89, 103)
(1, -90, 103)
(1, -90, 104)
(0, -89, 105)
(0, -89, 106)
(0, -89, 107)
(0, -89, 108)
(1, -90, 108)
(0, -90, 108)
(1, -91, 108)
(0, -91, 108)
(0, -91, 107)
(1, -91, 106)
(1, -91, 105)
(1, -91, 104)
(1, -91, 103)
(1, -91, 102)
(1, -91, 101)
(0, -90, 101)
(1, -90, 100)
(0, -89, 100)
(0, -89, 99)
(1, -90, 98)
(1, -90, 97)
(1, -90, 96)
(1, -90, 95)
(0, -90, 95)
(1, -91, 94)
(0, -91, 95)
(0, -91, 96)
(1, -91, 96)
(1, -91, 97)
(0, -91, 98)
(1, -92, 98)
(0, -92, 99)
(1, -93, 98)
(1, -93, 97)
(0, -92, 97)
(0, -92, 96)
(1, -93, 95)
(1, -93, 94)
(1, -93, 93)
(0, -93, 93)
(1, -94, 93)
(1, -94, 94)
(0, -94, 95)
(0, -94, 96)
(1, -95, 96)
(0, -95, 96)
(1, -96, 96)
(1, -96, 97)
(0, -95, 98)
(0, -95, 99)
(0, -95, 100)
(1, -96, 100)
(0, -96, 100)
(1, -97, 99)
(1, -97, 98)
(1, -97, 97)
(0, -97, 97)
(1, -98, 97)
(0, -98, 98)
(1, -99, 97)
(0, -99, 98)
(1, -100, 97)
(1, -100, 96)
(0, -100, 96)
(0, -100, 95)
(0, -100, 94)
(1, -100, 93)
(1, -100, 92)
(1, -100, 91)
(1, -100, 90)
(0, -100, 90)
(0, -100, 89)
(1, -100, 88)
(0, -99, 89)
(1, -99, 89)
(0, -98, 89)
(0, -98, 88)
(1, -98, 87)
(0, -97, 88)
(1, -97, 87)
(1, -97, 86)
(0, -96, 86)
(0, -96, 85)
(1, -96, 84)
(1, -96, 83)
(0, -95, 83)
(0, -95, 82)
(0, -95, 81)
(1, -96, 80)
(0, -96, 81)
(0, -96, 82)
(1, -97, 82)
(1, -97, 83)
(0, -97, 84)
(1, -98, 84)
(0, -98, 85)
(0, -98, 86)
(1, -99, 86)
(0, -99, 87)
(1, -100, 86)
(0, -100, 86)
(0, -100, 85)
(1, -100, 84)
(1, -100, 83)
(0, -99, 83)
(0, -99, 82)
(1, -100, 81)
(1, -100, 80)
(1, -100, 79)
(0, -99, 79)
(0, -99, 78)
(1, -99, 77)
(0, -98, 77)
(1, -98, 76)
(0, -97, 77)
(1, -97, 77)
(0, -96, 78)
(1, -96, 77)
(0, -95, 78)
(1, -95, 77)
(1, -95, 76)
(1, -95, 75)
(0, -94, 75)
(1, -94, 74)
(1, -94, 73)
(0, -94, 73)
(0, -94, 72)
(1, -95, 71)
(0, -95, 71)
(0, -95, 70)
(0, -95, 69)
(0, -95, 68)
(1, -95, 67)
(0, -94, 68)
(1, -94, 67)
(0, -93, 68)
(0, -93, 69)
(1, -93, 69)
(0, -92, 70)
(0, -92, 71)
(0, -92, 72)
(1, -92, 72)
(1, -92, 73)
(0, -91, 74)
(1, -91, 73)
(1, -91, 72)
(1, -91, 71)
(1, -91, 70)
(1, -91, 69)
(1, -91, 68)
(0, -90, 68)
(0, -90, 67)
(0, -90, 66)
(1, -91, 65)
(1, -91, 64)
(1, -91, 63)
(0, -91, 63)
(1, -92, 62)
(1, -92, 61)
(1, -92, 60)
(0, -91, 60)
(0, -91, 59)
(1, -92, 58)
(1, -92, 57)
(1, -92, 56)
(0, -91, 56)
(1, -91, 56)
(0, -90, 57)
(0, -90, 58)
(0, -90, 59)
(1, -90, 59)
(0, -89, 59)
(1, -89, 59)
(0, -88, 60)
(0, -88, 61)
(0, -88, 62)
(0, -88, 63)
(0, -88, 64)
(1, -89, 64)
(1, -89, 65)
(1, -89, 66)
(0, -88, 67)
(1, -88, 67)
(0, -87, 68)
(1, -87, 67)
(0, -86, 68)
(1, -86, 67)
(0, -85, 68)
(0, -85, 69)
(1, -86, 69)
(1, -86, 70)
(1, -86, 71)
(1, -86, 72)
(1, -86, 73)
(0, -85, 74)
(1, -85, 74)
(1, -85, 75)
(1, -85, 76)
(1, -85, 77)
(0, -85, 78)
(0, -85, 79)
(0, -85, 80)
(1, -86, 80)
(1, -86, 81)
(0, -86, 82)
(0, -86, 83)
(1, -87, 83)
(0, -87, 84)
(1, -88, 84)
(0, -88, 84)
(1, -89, 84)
(0, -89, 84)
(1, -90, 83)
(0, -90, 84)
(0, -90, 85)
(1, -91, 85)
(1, -91, 86)
(0, -91, 87)
(0, -91, 88)
(1, -91, 88)
(0, -90, 88)
(1, -90, 88)
(1, -90, 89)
(1, -90, 90)
(0, -90, 91)
(0, -90, 92)
(1, -90, 92)
(1, -90, 93)
(0, -89, 94)
(1, -89, 93)
(1, -89, 92)
(0, -88, 92)
(0, -88, 91)
(0, -88, 90)
(0, -88, 89)
(1, -89, 88)
(1, -89, 87)
(0, -88, 87)
(1, -88, 87)
(0, -87, 87)
(1, -87, 86)
(0, -86, 87)
(1, -86, 87)
(1, -86, 88)
(0, -85, 89)
(1, -85, 89)
(0, -84, 89)
(1, -84, 88)
(0, -83, 88)
(0, -83, 87)
(1, -83, 86)
(0, -82, 87)
(1, -82, 86)
(1, -82, 85)
(0, -81, 85)
(0, -81, 84)
(1, -81, 83)
(1, -81, 82)
(1, -81, 81)
(0, -80, 81)
(0, -80, 80)
(0, -80, 79)
(1, -80, 78)
(1, -80, 77)
(0, -80, 77)
(1, -81, 77)
(0, -81, 78)
(1, -82, 77)
(1, -82, 76)
(0, -82, 76)
(1, -83, 76)
(0, -83, 76)
(0, -83, 75)
(1, -83, 74)
(0, -82, 74)
(1, -82, 73)
(0, -81, 73)
(1, -81, 73)
(1, -81, 74)
(0, -80, 75)
(1, -80, 75)
(0, -79, 76)
(1, -79, 76)
(0, -78, 77)
(0, -78, 78)
(1, -79, 78)
(1, -79, 79)
(0, -78, 80)
(0, -78, 81)
(1, -78, 81)
(0, -77, 81)
(0, -77, 80)
(0, -77, 79)
(1, -77, 78)
(1, -77, 77)
(1, -77, 76)
(0, -77, 76)
(0, -77, 75)
(0, -77, 74)
(1, -78, 73)
(1, -78, 72)
(0, -78, 72)
(0, -78, 71)
(1, -79, 70)
(0, -79, 70)
(1, -80, 70)
(0, -80, 70)
(1, -81, 70)
(0, -81, 70)
(0, -81, 69)
(1, -82, 68)
(0, -82, 69)
(1, -83, 68)
(1, -83, 67)
(1, -83, 66)
(0, -82, 66)
(1, -82, 66)
(0, -81, 66)
(1, -81, 66)
(0, -80, 66)
(1, -80, 66)
(0, -79, 66)
(1, -79, 65)
(1, -79, 64)
(1, -79, 63)
(1, -79, 62)
(1, -79, 61)
(0, -79, 61)
(1, -80, 61)
(0, -80, 62)
(1, -81, 62)
(1, -81, 63)
(0, -81, 64)
(1, -82, 64)
(0, -82, 64)
(1, -83, 64)
(0, -83, 64)
(0, -83, 63)
(1, -84, 62)
(0, -84, 62)
(1, -85, 61)
(0, -85, 62)
(1, -86, 62)
(0, -86, 62)
(1, -87, 61)
(0, -87, 61)
(0, -87, 60)
(1, -87, 59)
(0, -86, 59)
(1, -86, 59)
(0, -85, 60)
(1, -85, 59)
(0, -84, 60)
(1, -84, 59)
(0, -83, 60)
(1, -83, 59)
(1, -83, 58)
(0, -83, 58)
(1, -84, 57)
(0, -84, 58)
(1, -85, 57)
(0, -85, 58)
(1, -86, 57)
(1, -86, 56)
(0, -85, 56)
(1, -85, 55)
(1, -85, 54)
(0, -84, 54)
(0, -84, 53)
(1, -84, 52)
(0, -83, 52)
(1, -83, 52)
(0, -82, 52)
(0, -82, 51)
(1, -83, 50)
(1, -83, 49)
(0, -83, 49)
(1, -84, 49)
(0, -84, 49)
(1, -85, 49)
(1, -85, 50)
(0, -85, 51)
(1, -86, 51)
(0, -86, 51)
(1, -87, 50)
(0, -87, 51)
(1, -88, 51)
(1, -88, 52)
(0, -87, 53)
(1, -87, 53)
(1, -87, 54)
(0, -87, 55)
(1, -88, 54)
(0, -88, 54)
(1, -89, 53)
(0, -89, 53)
(1, -90, 53)
(0, -90, 53)
(0, -90, 52)
(1, -90, 51)
(1, -90, 50)
(1, -90, 49)
(1, -90, 48)
(0, -90, 48)
(0, -90, 47)
(0, -90, 46)
(1, -91, 45)
(0, -91, 46)
(0, -91, 47)
(0, -91, 48)
(0, -91, 49)
(0, -91, 50)
(1, -92, 50)
(0, -92, 50)
(0, -92, 49)
(1, -93, 48)
(0, -93, 49)
(1, -94, 49)
(1, -94, 50)
(1, -94, 51)
(0, -94, 52)
(1, -95, 51)
(0, -95, 51)
(1, -96, 50)
(0, -96, 50)
(0, -96, 49)
(0, -96, 48)
(1, -97, 47)
(0, -97, 47)
(0, -97, 46)
(0, -97, 45)
(1, -97, 44)
(0, -96, 45)
(1, -96, 45)
(0, -95, 46)
(1, -95, 46)
(0, -94, 46)
(1, -94, 46)
(0, -93, 47)
(1, -93, 46)
(0, -92, 46)
(0, -92, 45)
(1, -92, 44)
(0, -91, 44)
(1, -91, 43)
(0, -90, 43)
(0, -90, 42)
(1, -90, 41)
(0, -89, 41)
(0, -89, 40)
(1, -89, 39)
(0, -88, 40)
(0, -88, 41)
(0, -88, 42)
(1, -89, 42)
(0, -89, 43)
(0, -89, 44)
(1, -89, 44)
(1, -89, 45)
(0, -88, 46)
(1, -88, 45)
(0, -87, 46)
(0, -87, 47)
(1, -88, 47)
(0, -88, 48)
(0, -88, 49)
(1, -88, 49)
(0, -87, 49)
(1, -87, 48)
(0, -86, 48)
(0, -86, 47)
(0, -86, 46)
(1, -86, 45)
(0, -85, 46)
(0, -85, 47)
(1, -85, 47)
(0, -84, 47)
(1, -84, 46)
(0, -83, 46)
(1, -83, 46)
(0, -82, 47)
(1, -82, 47)
(0, -81, 47)
(1, -81, 46)
(0, -80, 47)
(0, -80, 48)
(0, -80, 49)
(1, -80, 49)
(0, -79, 50)
(1, -79, 49)
(0, -78, 49)
(0, -78, 48)
(0, -78, 47)
(0, -78, 46)
(0, -78, 45)
(1, -78, 44)
(0, -77, 44)
(1, -77, 43)
(0, -76, 44)
(1, -76, 44)
(1, -76, 45)
(0, -75, 46)
(1, -75, 46)
(0, -74, 46)
(0, -74, 45)
(1, -75, 44)
(1, -75, 43)
(0, -74, 43)
(1, -74, 42)
(1, -74, 41)
(0, -73, 41)
(1, -73, 40)
(1, -73, 39)
(1, -73, 38)
(0, -72, 38)
(1, -72, 37)
(1, -72, 36)
(1, -72, 35)
(0, -72, 35)
(0, -72, 34)
(1, -73, 33)
(0, -73, 34)
(0, -73, 35)
(1, -74, 35)
(0, -74, 36)
(1, -75, 36)
(0, -75, 37)
(1, -76, 37)
(0, -76, 37)
(1, -77, 36)
(0, -77, 36)
(0, -77, 35)
(1, -78, 34)
(1, -78, 33)
(0, -77, 33)
(1, -77, 33)
(0, -76, 34)
(1, -76, 34)
(0, -75, 34)
(0, -75, 33)
(1, -76, 32)
(1, -76, 31)
(0, -75, 31)
(1, -75, 30)
(0, -74, 30)
(1, -74, 29)
(0, -73, 29)
(1, -73, 29)
(1, -73, 30)
(1, -73, 31)
(0, -72, 32)
(1, -72, 31)
(0, -71, 32)
(0, -71, 33)
(0, -71, 34)
(1, -71, 34)
(1, -71, 35)
(1, -71, 36)
(0, -70, 37)
(1, -70, 37)
(0, -69, 38)
(1, -69, 37)
(0, -68, 37)
(1, -68, 37)
(0, -67, 38)
(0, -67, 39)
(1, -68, 39)
(0, -68, 40)
(1, -69, 39)
(0, -69, 40)
(1, -70, 39)
(0, -70, 39)
(1, -71, 38)
(0, -71, 39)
(0, -71, 40)
(0, -71, 41)
(1, -71, 41)
(1, -71, 42)
(1, -71, 43)
(0, -71, 44)
(1, -72, 44)
(1, -72, 45)
(0, -71, 46)
(0, -71, 47)
(1, -72, 47)
(0, -72, 47)
(1, -73, 47)
(0, -73, 48)
(1, -74, 47)
(0, -74, 48)
(0, -74, 49)
(0, -74, 50)
(1, -74, 50)
(0, -73, 51)
(0, -73, 52)
(1, -74, 52)
(1, -74, 53)
(0, -74, 54)
(0, -74, 55)
(1, -74, 55)
(0, -73, 56)
(1, -73, 56)
(0, -72, 56)
(1, -72, 55)
(1, -72, 54)
(1, -72, 53)
(0, -72, 53)
(0, -72, 52)
(1, -72, 51)
(0, -71, 52)
(1, -71, 51)
(0, -70, 51)
(1, -70, 51)
(0, -69, 51)
(1, -69, 50)
(0, -68, 51)
(1, -68, 50)
(0, -67, 50)
(1, -67, 49)
(0, -66, 50)
(1, -66, 49)
(0, -65, 50)
(0, -65, 51)
(1, -65, 51)
(0, -64, 52)
(0, -64, 53)
(0, -64, 54)
(0, -64, 55)
(1, -64, 55)
(0, -63, 55)
(1, -63, 54)
(0, -62, 55)
(1, -62, 54)
(0, -61, 54)
(1, -61, 54)
(1, -61, 55)
(0, -61, 56)
(1, -62, 56)
(1, -62, 57)
(1, -62, 58)
(0, -62, 59)
(0, -62, 60)
(1, -63, 60)
(1, -63, 61)
(0, -62, 62)
(1, -62, 62)
(1, -62, 63)
(0, -61, 64)
(1, -61, 63)
(0, -60, 64)
(1, -60, 64)
(0, -59, 65)
(1, -59, 65)
(0, -58, 65)
(0, -58, 64)
(1, -59, 63)
(1, -59, 62)
(0, -59, 62)
(0, -59, 61)
(0, -59, 60)
(1, -60, 59)
(0, -60, 60)
(1, -61, 59)
(1, -61, 58)
(0, -60, 58)
(1, -60, 57)
(0, -59, 58)
(1, -59, 57)
(1, -59, 56)
(0, -58, 56)
(0, -58, 55)
(1, -58, 54)
(0, -57, 55)
(1, -57, 55)
(0, -56, 55)
(0, -56, 54)
(1, -56, 53)
(0, -55, 54)
(0, -55, 55)
(1, -55, 55)
(1, -55, 56)
(0, -54, 57)
(1, -54, 57)
(0, -53, 57)
(1, -53, 57)
(0, -52, 57)
(1, -52, 57)
(1, -52, 58)
(0, -52, 59)
(1, -53, 59)
(1, -53, 60)
(1, -53, 61)
(0, -52, 62)
(1, -52, 61)
(1, -52, 60)
(0, -51, 60)
(1, -51, 60)
(1, -51, 61)
(1, -51, 62)
(1, -51, 63)
(0, -51, 64)
(1, -52, 64)
(1, -52, 65)
(0, -52, 66)
(1, -53, 65)
(1, -53, 64)
(0, -53, 64)
(0, -53, 63)
(1, -54, 62)
(0, -54, 63)
(0, -54, 64)
(1, -55, 64)
(0, -55, 64)
(1, -56, 63)
(1, -56, 62)
(0, -56, 62)
(1, -57, 62)
(1, -57, 63)
(0, -57, 64)
(0, -57, 65)
(0, -57, 66)
(1, -57, 66)
(0, -56, 67)
(0, -56, 68)
(0, -56, 69)
(0, -56, 70)
(0, -56, 71)
(1, -57, 71)
(1, -57, 72)
(0, -57, 73)
(0, -57, 74)
(1, -58, 74)
(1, -58, 75)
(0, -58, 76)
(0, -58, 77)
(1, -58, 77)
(0, -57, 78)
(1, -57, 78)
(0, -56, 78)
(1, -56, 78)
(1, -56, 79)
(1, -56, 80)
(0, -56, 81)
(0, -56, 82)
(1, -57, 82)
(0, -57, 83)
(1, -58, 82)
(1, -58, 81)
(0, -58, 81)
(1, -59, 81)
(0, -59, 81)
(1, -60, 80)
(0, -60, 81)
(1, -61, 81)
(0, -61, 81)
(0, -61, 80)
(1, -61, 79)
(0, -60, 79)
(0, -60, 78)
(1, -60, 77)
(1, -60, 76)
(1, -60, 75)
(0, -59, 75)
(0, -59, 74)
(0, -59, 73)
(1, -59, 72)
(1, -59, 71)
(1, -59, 70)
(0, -59, 70)
(0, -59, 69)
(0, -59, 68)
(1, -60, 67)
(0, -60, 67)
(1, -61, 67)
(1, -61, 68)
(0, -61, 69)
(1, -62, 69)
(1, -62, 70)
(0, -61, 71)
(0, -61, 72)
(1, -62, 72)
(0, -62, 73)
(0, -62, 74)
(0, -62, 75)
(0, -62, 76)
(1, -63, 76)
(0, -63, 77)
(0, -63, 78)
(0, -63, 79)
(1, -63, 79)
(1, -63, 80)
(1, -63, 81)
(0, -62, 82)
(1, -62, 82)
(0, -61, 83)
(0, -61, 84)
(1, -61, 84)
(0, -60, 84)
(0, -60, 83)
(1, -60, 82)
(0, -59, 83)
(0, -59, 84)
(0, -59, 85)
(1, -59, 85)
(0, -58, 85)
(1, -58, 85)
(0, -57, 85)
(1, -57, 84)
(0, -56, 85)
(0, -56, 86)
(0, -56, 87)
(0, -56, 88)
(1, -57, 88)
(1, -57, 89)
(0, -56, 90)
(1, -56, 90)
(1, -56, 91)
(0, -56, 92)
(0, -56, 93)
(1, -57, 93)
(0, -57, 93)
(0, -57, 92)
(1, -58, 91)
(0, -58, 91)
(1, -59, 91)
(1, -59, 92)
(0, -58, 93)
(0, -58, 94)
(1, -59, 94)
(1, -59, 95)
(1, -59, 96)
(0, -58, 97)
(0, -58, 98)
(1, -58, 98)
(0, -57, 98)
(0, -57, 97)
(1, -57, 96)
(1, -57, 95)
(0, -56, 95)
(1, -56, 95)
(0, -55, 96)
(1, -55, 95)
(1, -55, 94)
(0, -54, 94)
(0, -54, 93)
(1, -54, 92)
(0, -53, 92)
(1, -53, 91)
(0, -52, 92)
(0, -52, 93)
(1, -53, 93)
(1, -53, 94)
(0, -53, 95)
(0, -53, 96)
(0, -53, 97)
(0, -53, 98)
(1, -53, 98)
(0, -52, 99)
(1, -52, 99)
(1, -52, 100)
(0, -51, 101)
(0, -51, 102)
(1, -51, 102)
(1, -51, 103)
(1, -51, 104)
(1, -51, 105)
(0, -51, 106)
(0, -51, 107)
(1, -52, 107)
(0, -52, 107)
(0, -52, 106)
(1, -53, 105)
(0, -53, 105)
(1, -54, 105)
(0, -54, 105)
(1, -55, 104)
(1, -55, 103)
(0, -54, 103)
(0, -54, 102)
(0, -54, 101)
(1, -55, 100)
(0, -55, 100)
(1, -56, 100)
(1, -56, 101)
(0, -56, 102)
(0, -56, 103)
(1, -57, 103)
(1, -57, 104)
(1, -57, 105)
(1, -57, 106)
(1, -57, 107)
(1, -57, 108)
(1, -57, 109)
(0, -56, 110)
(1, -56, 110)
(0, -55, 110)
(1, -55, 110)
(0, -54, 111)
(1, -54, 110)
(0, -53, 110)
(1, -53, 109)
(0, -52, 110)
(1, -52, 110)
(0, -51, 110)
(1, -51, 110)
(0, -50, 110)
(1, -50, 109)
(0, -49, 110)
(1, -49, 109)
(0, -48, 109)
(1, -48, 108)
(0, -47, 108)
(0, -47, 107)
(1, -47, 106)
(0, -46, 107)
(1, -46, 107)
(0, -45, 107)
(0, -45, 106)
(1, -46, 105)
(0, -46, 105)
(1, -47, 104)
(1, -47, 103)
(0, -46, 103)
(1, -46, 102)
(0, -45, 103)
(0, -45, 104)
(1, -45, 104)
(0, -44, 104)
(0, -44, 103)
(1, -44, 102)
(0, -43, 102)
(1, -43, 101)
(0, -42, 102)
(0, -42, 103)
(1, -43, 103)
(1, -43, 104)
(1, -43, 105)
(0, -43, 106)
(1, -44, 105)
(0, -44, 106)
(0, -44, 107)
(0, -44, 108)
(1, -44, 108)
(1, -44, 109)
(0, -44, 110)
(1, -45, 109)
(0, -45, 110)
(1, -46, 110)
(0, -46, 110)
(1, -47, 110)
(0, -47, 110)
(1, -48, 110)
(1, -48, 111)
(0, -48, 112)
(1, -49, 111)
(0, -49, 112)
(0, -49, 113)
(0, -49, 114)
(0, -49, 115)
(1, -50, 115)
(0, -50, 116)
(0, -50, 117)
(0, -50, 118)
(1, -50, 118)
(1, -50, 119)
(1, -50, 120)
(0, -49, 121)
(1, -49, 121)
(0, -48, 122)
(0, -48, 123)
(0, -48, 124)
(1, -48, 124)
(1, -48, 125)
(0, -47, 126)
(1, -47, 125)
(0, -46, 126)
(1, -46, 126)
(0, -45, 126)
(1, -45, 125)
(0, -44, 126)
(0, -44, 127)
(1, -45, 127)
(1, -45, 128)
(1, -45, 129)
(0, -44, 130)
(0, -44, 131)
(0, -44, 132)
(1, -44, 132)
(1, -44, 133)
(1, -44, 134)
(0, -44, 135)
(1, -45, 134)
(0, -45, 135)
(0, -45, 136)
(0, -45, 137)
(1, -45, 137)
(0, -44, 137)
(1, -44, 136)
(0, -43, 136)
(1, -43, 135)
(0, -42, 135)
(0, -42, 134)
(1, -43, 133)
(1, -43, 132)
(1, -43, 131)
(0, -43, 131)
(0, -43, 130)
(1, -43, 129)
(0, -42, 129)
(1, -42, 128)
(0, -41, 129)
(1, -41, 128)
(0, -40, 128)
(0, -40, 127)
(1, -40, 126)
(0, -39, 126)
(0, -39, 125)
(0, -39, 124)
(1, -40, 123)
(1, -40, 122)
(0, -39, 122)
(1, -39, 121)
(0, -38, 121)
(1, -38, 121)
(0, -37, 122)
(1, -37, 121)
(1, -37, 120)
(0, -37, 120)
(1, -38, 119)
(0, -38, 119)
(0, -38, 118)
(1, -38, 117)
(0, -37, 118)
(1, -37, 118)
(0, -36, 118)
(1, -36, 118)
(0, -35, 118)
(1, -35, 118)
(0, -34, 119)
(1, -34, 119)
(0, -33, 120)
(1, -33, 120)
(1, -33, 121)
(0, -32, 122)
(0, -32, 123)
(1, -32, 123)
(0, -31, 124)
(1, -31, 123)
(0, -30, 123)
(0, -30, 122)
(1, -31, 121)
(1, -31, 120)
(1, -31, 119)
(1, -31, 118)
(0, -31, 118)
(1, -32, 117)
(0, -32, 118)
(1, -33, 118)
(0, -33, 118)
(0, -33, 117)
(1, -33, 116)
(1, -33, 115)
(0, -33, 115)
(1, -34, 115)
(0, -34, 116)
(1, -35, 116)
(0, -35, 116)
(0, -35, 115)
(1, -35, 114)
(0, -34, 114)
(0, -34, 113)
(1, -35, 112)
(0, -35, 113)
(1, -36, 113)
(0, -36, 114)
(1, -37, 114)
(0, -37, 114)
(0, -37, 113)
(1, -38, 112)
(1, -38, 111)
(0, -37, 111)
(1, -37, 110)
(1, -37, 109)
(0, -36, 109)
(1, -36, 108)
(1, -36, 107)
(0, -36, 107)
(1, -37, 107)
(0, -37, 108)
(1, -38, 107)
(0, -38, 108)
(1, -39, 107)
(1, -39, 106)
(1, -39, 105)
(0, -38, 105)
(1, -38, 105)
(0, -37, 106)
(1, -37, 105)
(0, -36, 105)
(1, -36, 105)
(0, -35, 105)
(1, -35, 105)
(0, -34, 106)
(1, -34, 105)
(0, -33, 106)
(0, -33, 107)
(1, -33, 107)
(1, -33, 108)
(0, -32, 109)
(1, -32, 108)
(1, -32, 107)
(0, -31, 107)
(0, -31, 106)
(1, -32, 105)
(0, -32, 105)
(1, -33, 104)
(1, -33, 103)
(0, -32, 103)
(1, -32, 103)
(0, -31, 104)
(1, -31, 103)
(0, -30, 103)
(1, -30, 102)
(0, -29, 102)
(1, -29, 102)
(1, -29, 103)
(0, -29, 104)
(1, -30, 104)
(1, -30, 105)
(0, -29, 106)
(0, -29, 107)
(1, -30, 107)
(0, -30, 108)
(1, -31, 108)
(1, -31, 109)
(1, -31, 110)
(0, -31, 111)
(1, -32, 111)
(0, -32, 111)
(1, -33, 111)
(0, -33, 112)
(0, -33, 113)
(1, -33, 113)
(0, -32, 114)
(1, -32, 114)
(1, -32, 115)
(0, -31, 116)
(1, -31, 115)
(1, -31, 114)
(0, -30, 114)
(0, -30, 113)
(1, -30, 112)
(1, -30, 111)
(1, -30, 110)
(1, -30, 109)
(0, -29, 109)
(1, -29, 109)
(1, -29, 110)
(1, -29, 111)
(0, -28, 112)
(1, -28, 111)
(0, -27, 111)
(1, -27, 110)
(0, -26, 110)
(1, -26, 110)
(0, -25, 110)
(1, -25, 110)
(0, -24, 110)
(0, -24, 109)
(1, -25, 108)
(1, -25, 107)
(0, -25, 107)
(1, -26, 106)
(0, -26, 107)
(1, -27, 107)
(0, -27, 107)
(0, -27, 106)
(1, -28, 105)
(1, -28, 104)
(0, -27, 104)
(0, -27, 103)
(0, -27, 102)
(1, -27, 101)
(0, -26, 102)
(0, -26, 103)
(0, -26, 104)
(1, -26, 104)
(0, -25, 104)
(1, -25, 103)
(0, -24, 103)
(0, -24, 102)
(1, -24, 101)
(0, -23, 101)
(1, -23, 100)
(1, -23, 99)
(0, -22, 99)
(1, -22, 99)
(0, -21, 99)
(0, -21, 98)
(1, -22, 97)
(0, -22, 97)
(1, -23, 96)
(0, -23, 96)
(1, -24, 96)
(0, -24, 96)
(0, -24, 95)
(1, -24, 94)
(1, -24, 93)
(0, -23, 93)
(1, -23, 92)
(0, -22, 93)
(1, -22, 92)
(0, -21, 93)
(1, -21, 93)
(0, -20, 93)
(0, -20, 92)
(0, -20, 91)
(0, -20, 90)
(1, -21, 89)
(0, -21, 89)
(0, -21, 88)
(0, -21, 87)
(0, -21, 86)
(1, -22, 85)
(1, -22, 84)
(0, -22, 84)
(1, -23, 84)
(1, -23, 85)
(0, -23, 86)
(1, -24, 86)
(0, -24, 86)
(0, -24, 85)
(0, -24, 84)
(1, -24, 83)
(1, -24, 82)
(0, -23, 82)
(0, -23, 81)
(1, -24, 80)
(1, -24, 79)
(0, -24, 79)
(1, -25, 79)
(0, -25, 80)
(1, -26, 79)
(0, -26, 80)
(1, -27, 79)
(0, -27, 79)
(1, -28, 79)
(1, -28, 80)
(0, -28, 81)
(1, -29, 80)
(1, -29, 79)
(1, -29, 78)
(0, -29, 78)
(1, -30, 78)
(0, -30, 78)
(1, -31, 78)
(1, -31, 79)
(0, -30, 80)
(0, -30, 81)
(1, -31, 81)
(1, -31, 82)
(1, -31, 83)
(1, -31, 84)
(1, -31, 85)
(0, -30, 86)
(1, -30, 85)
(1, -30, 84)
(1, -30, 83)
(0, -29, 83)
(1, -29, 83)
(0, -28, 83)
(1, -28, 82)
(0, -27, 82)
(1, -27, 82)
(1, -27, 83)
(0, -26, 84)
(1, -26, 84)
(1, -26, 85)
(1, -26, 86)
(0, -25, 87)
(0, -25, 88)
(0, -25, 89)
(1, -26, 89)
(0, -26, 90)
(1, -27, 89)
(0, -27, 90)
(1, -28, 89)
(0, -28, 90)
(0, -28, 91)
(1, -28, 91)
(1, -28, 92)
(1, -28, 93)
(0, -28, 94)
(1, -29, 93)
(0, -29, 94)
(1, -30, 93)
(1, -30, 92)
(0, -29, 92)
(0, -29, 91)
(1, -30, 90)
(0, -30, 90)
(1, -31, 90)
(0, -31, 90)
(0, -31, 89)
(1, -32, 88)
(1, -32, 87)
(0, -32, 87)
(1, -33, 87)
(1, -33, 88)
(1, -33, 89)
(1, -33, 90)
(0, -32, 91)
(1, -32, 91)
(0, -31, 92)
(0, -31, 93)
(1, -32, 93)
(0, -32, 94)
(0, -32, 95)
(1, -32, 95)
(1, -32, 96)
(0, -32, 97)
(1, -33, 96)
(0, -33, 97)
(1, -34, 97)
(1, -34, 98)
(1, -34, 99)
(0, -34, 100)
(1, -35, 99)
(1, -35, 98)
(1, -35, 97)
(0, -35, 97)
(0, -35, 96)
(1, -36, 95)
(0, -36, 95)
(1, -37, 94)
(1, -37, 93)
(0, -36, 93)
(0, -36, 92)
(1, -37, 91)
(1, -37, 90)
(0, -37, 90)
(0, -37, 89)
(0, -37, 88)
(1, -38, 87)
(1, -38, 86)
(0, -37, 86)
(1, -37, 86)
(0, -36, 87)
(1, -36, 86)
(1, -36, 85)
(0, -36, 85)
(1, -37, 84)
(1, -37, 83)
(0, -37, 83)
(1, -38, 83)
(1, -38, 84)
(0, -38, 85)
(1, -39, 85)
(0, -39, 85)
(1, -40, 84)
(0, -40, 84)
(1, -41, 83)
(0, -41, 83)
(1, -42, 83)
(1, -42, 84)
(1, -42, 85)
(0, -42, 86)
(1, -43, 85)
(0, -43, 85)
(0, -43, 84)
(1, -44, 83)
(1, -44, 82)
(0, -44, 82)
(1, -45, 82)
(1, -45, 83)
(1, -45, 84)
(0, -44, 85)
(0, -44, 86)
(1, -44, 86)
(1, -44, 87)
(1, -44, 88)
(1, -44, 89)
(0, -43, 90)
(1, -43, 89)
(1, -43, 88)
(0, -42, 88)
(1, -42, 88)
(0, -41, 88)
(1, -41, 87)
(0, -40, 88)
(1, -40, 87)
(0, -39, 87)
(1, -39, 87)
(1, -39, 88)
(0, -38, 89)
(0, -38, 90)
(1, -39, 90)
(0, -39, 91)
(0, -39, 92)
(1, -40, 92)
(1, -40, 93)
(0, -39, 94)
(0, -39, 95)
(0, -39, 96)
(1, -40, 96)
(1, -40, 97)
(1, -40, 98)
(1, -40, 99)
(1, -40, 100)
(0, -40, 101)
(1, -41, 100)
(1, -41, 99)
(0, -41, 99)
(1, -42, 99)
(0, -42, 100)
(1, -43, 99)
(0, -43, 99)
(1, -44, 98)
(0, -44, 99)
(1, -45, 98)
(1, -45, 97)
(0, -45, 97)
(0, -45, 96)
(1, -45, 95)
(0, -44, 95)
(1, -44, 94)
(1, -44, 93)
(0, -44, 93)
(1, -45, 93)
(0, -45, 94)
(1, -46, 93)
(0, -46, 93)
(1, -47, 93)
(0, -47, 94)
(1, -48, 93)
(1, -48, 92)
(0, -47, 92)
(1, -47, 91)
(0, -46, 91)
(1, -46, 91)
(0, -45, 91)
(1, -45, 90)
(1, -45, 89)
(0, -45, 89)
(1, -46, 88)
(1, -46, 87)
(1, -46, 86)
(1, -46, 85)
(1, -46, 84)
(0, -46, 84)
(1, -47, 84)
(1, -47, 85)
(1, -47, 86)
(0, -47, 87)
(1, -48, 87)
(0, -48, 88)
(1, -49, 88)
(1, -49, 89)
(0, -48, 90)
(0, -48, 91)
(1, -49, 91)
(1, -49, 92)
(1, -49, 93)
(1, -49, 94)
(0, -49, 95)
(1, -50, 94)
(0, -50, 94)
(0, -50, 93)
(1, -50, 92)
(1, -50, 91)
(1, -50, 90)
(1, -50, 89)
(1, -50, 88)
(0, -50, 88)
(1, -51, 87)
(0, -51, 88)
(1, -52, 87)
(0, -52, 88)
(0, -52, 89)
(1, -53, 89)
(0, -53, 89)
(1, -54, 88)
(0, -54, 88)
(1, -55, 87)
(1, -55, 86)
(0, -54, 86)
(0, -54, 85)
(1, -54, 84)
(1, -54, 83)
(0, -53, 83)
(1, -53, 82)
(1, -53, 81)
(0, -53, 81)
(0, -53, 80)
(1, -53, 79)
(0, -52, 79)
(1, -52, 78)
(1, -52, 77)
(0, -52, 77)
(1, -53, 77)
(0, -53, 77)
(1, -54, 76)
(1, -54, 75)
(0, -53, 75)
(1, -53, 74)
(0, -52, 75)
(1, -52, 74)
(0, -51, 75)
(1, -51, 75)
(0, -50, 76)
(0, -50, 77)
(1, -51, 77)
(1, -51, 78)
(1, -51, 79)
(0, -51, 80)
(0, -51, 81)
(1, -51, 81)
(1, -51, 82)
(0, -50, 83)
(0, -50, 84)
(0, -50, 85)
(1, -50, 85)
(0, -49, 85)
(0, -49, 84)
(1, -49, 83)
(0, -48, 83)
(1, -48, 82)
(0, -47, 83)
(1, -47, 82)
(0, -46, 82)
(1, -46, 81)
(1, -46, 80)
(0, -45, 80)
(0, -45, 79)
(0, -45, 78)
(1, -46, 77)
(0, -46, 77)
(1, -47, 76)
(0, -47, 77)
(1, -48, 76)
(1, -48, 75)
(0, -47, 75)
(0, -47, 74)
(1, -48, 73)
(1, -48, 72)
(0, -47, 72)
(1, -47, 72)
(0, -46, 73)
(0, -46, 74)
(1, -46, 74)
(0, -45, 74)
(1, -45, 74)
(0, -44, 75)
(0, -44, 76)
(1, -44, 76)
(1, -44, 77)
(0, -44, 78)
(0, -44, 79)
(1, -44, 79)
(0, -43, 79)
(1, -43, 79)
(0, -42, 80)
(0, -42, 81)
(1, -42, 81)
(0, -41, 81)
(1, -41, 80)
(0, -40, 81)
(0, -40, 82)
(1, -40, 82)
(0, -39, 82)
(0, -39, 81)
(0, -39, 80)
(1, -39, 79)
(0, -38, 80)
(0, -38, 81)
(1, -38, 81)
(0, -37, 81)
(1, -37, 81)
(0, -36, 82)
(1, -36, 81)
(1, -36, 80)
(0, -36, 80)
(1, -37, 79)
(0, -37, 79)
(0, -37, 78)
(1, -38, 77)
(0, -38, 78)
(1, -39, 77)
(1, -39, 76)
(0, -39, 76)
(1, -40, 75)
(0, -40, 75)
(1, -41, 75)
(1, -41, 76)
(0, -40, 77)
(0, -40, 78)
(1, -41, 78)
(0, -41, 79)
(1, -42, 78)
(1, -42, 77)
(0, -42, 77)
(0, -42, 76)
(1, -42, 75)
(1, -42, 74)
(1, -42, 73)
(0, -41, 73)
(0, -41, 72)
(1, -42, 71)
(0, -42, 72)
(1, -43, 72)
(1, -43, 73)
(0, -43, 74)
(1, -44, 73)
(0, -44, 73)
(1, -45, 72)
(0, -45, 72)
(1, -46, 71)
(0, -46, 71)
(0, -46, 70)
(1, -46, 69)
(1, -46, 68)
(1, -46, 67)
(0, -45, 67)
(1, -45, 66)
(0, -44, 67)
(1, -44, 67)
(1, -44, 68)
(0, -44, 69)
(1, -45, 69)
(1, -45, 70)
(0, -44, 71)
(1, -44, 70)
(0, -43, 71)
(1, -43, 70)
(0, -42, 70)
(1, -42, 69)
(0, -41, 69)
(1, -41, 69)
(1, -41, 70)
(0, -40, 71)
(0, -40, 72)
(1, -40, 72)
(0, -39, 72)
(0, -39, 71)
(0, -39, 70)
(1, -40, 69)
(1, -40, 68)
(1, -40, 67)
(1, -40, 66)
(0, -40, 66)
(1, -41, 66)
(0, -41, 67)
(1, -42, 66)
(1, -42, 65)
(0, -42, 65)
(0, -42, 64)
(1, -43, 63)
(1, -43, 62)
(0, -42, 62)
(1, -42, 62)
(0, -41, 62)
(0, -41, 61)
(0, -41, 60)
(1, -41, 59)
(1, -41, 58)
(0, -40, 58)
(1, -40, 57)
(1, -40, 56)
(0, -40, 56)
(1, -41, 55)
(0, -41, 56)
(1, -42, 55)
(0, -42, 56)
(1, -43, 56)
(1, -43, 57)
(0, -42, 58)
(0, -42, 59)
(0, -42, 60)
(1, -43, 60)
(0, -43, 61)
(1, -44, 60)
(0, -44, 61)
(1, -45, 61)
(0, -45, 61)
(1, -46, 61)
(0, -46, 61)
(0, -46, 60)
(0, -46, 59)
(0, -46, 58)
(1, -47, 57)
(1, -47, 56)
(0, -47, 56)
(0, -47, 55)
(1, -48, 54)
(0, -48, 54)
(1, -49, 54)
(0, -49, 54)
(1, -50, 53)
(0, -50, 54)
(1, -51, 53)
(0, -51, 54)
(1, -52, 54)
(0, -52, 54)
(1, -53, 54)
(0, -53, 54)
(1, -54, 54)
(0, -54, 54)
(0, -54, 53)
(1, -55, 52)
(1, -55, 51)
(0, -55, 51)
(0, -55, 50)
(1, -56, 49)
(0, -56, 49)
(0, -56, 48)
(1, -57, 47)
(0, -57, 47)
(0, -57, 46)
(0, -57, 45)
(0, -57, 44)
(1, -57, 43)
(0, -56, 43)
(0, -56, 42)
(0, -56, 41)
(1, -56, 40)
(1, -56, 39)
(1, -56, 38)
(0, -56, 38)
(1, -57, 38)
(0, -57, 39)
(1, -58, 39)
(1, -58, 40)
(0, -58, 41)
(0, -58, 42)
(1, -59, 42)
(1, -59, 43)
(0, -58, 44)
(0, -58, 45)
(0, -58, 46)
(1, -59, 46)
(0, -59, 47)
(1, -60, 46)
(0, -60, 47)
(1, -61, 47)
(0, -61, 48)
(0, -61, 49)
(1, -61, 49)
(0, -60, 50)
(0, -60, 51)
(1, -60, 51)
(0, -59, 51)
(0, -59, 50)
(0, -59, 49)
(1, -59, 48)
(0, -58, 49)
(0, -58, 50)
(0, -58, 51)
(0, -58, 52)
(1, -59, 52)
(1, -59, 53)
(0, -59, 54)
(1, -60, 53)
(0, -60, 53)
(1, -61, 52)
(0, -61, 52)
(0, -61, 51)
(1, -62, 50)
(0, -62, 50)
(0, -62, 49)
(1, -63, 48)
(0, -63, 48)
(1, -64, 48)
(0, -64, 48)
(0, -64, 47)
(1, -64, 46)
(1, -64, 45)
(0, -64, 45)
(0, -64, 44)
(1, -64, 43)
(1, -64, 42)
(0, -63, 42)
(1, -63, 42)
(0, -62, 42)
(1, -62, 42)
(1, -62, 43)
(0, -62, 44)
(0, -62, 45)
(1, -63, 45)
(1, -63, 46)
(0, -62, 47)
(1, -62, 46)
(0, -61, 46)
(1, -61, 45)
(0, -60, 45)
(0, -60, 44)
(0, -60, 43)
(0, -60, 42)
(1, -60, 41)
(0, -59, 41)
(0, -59, 40)
(1, -60, 39)
(0, -60, 40)
(1, -61, 39)
(0, -61, 39)
(0, -61, 38)
(1, -62, 37)
(0, -62, 37)
(0, -62, 36)
(1, -62, 35)
(0, -61, 36)
(1, -61, 35)
(0, -60, 36)
(1, -60, 36)
(1, -60, 37)
(0, -59, 38)
(1, -59, 38)
(0, -58, 38)
(0, -58, 37)
(1, -59, 36)
(1, -59, 35)
(1, -59, 34)
(0, -59, 34)
(1, -60, 33)
(0, -60, 33)
(0, -60, 32)
(0, -60, 31)
(1, -60, 30)
(0, -59, 31)
(0, -59, 32)
(1, -59, 32)
(0, -58, 32)
(0, -58, 31)
(1, -58, 30)
(0, -57, 30)
(1, -57, 30)
(1, -57, 31)
(0, -56, 32)
(1, -56, 31)
(0, -55, 32)
(1, -55, 32)
(0, -54, 32)
(1, -54, 32)
(0, -53, 32)
(1, -53, 31)
(0, -52, 31)
(1, -52, 30)
(1, -52, 29)
(0, -51, 29)
(1, -51, 29)
(1, -51, 30)
(0, -50, 31)
(0, -50, 32)
(1, -51, 32)
(1, -51, 33)
(0, -50, 34)
(0, -50, 35)
(1, -51, 35)
(0, -51, 35)
(1, -52, 34)
(0, -52, 35)
(1, -53, 34)
(0, -53, 35)
(1, -54, 35)
(0, -54, 35)
(1, -55, 35)
(1, -55, 36)
(0, -54, 37)
(1, -54, 37)
(0, -53, 37)
(1, -53, 36)
(0, -52, 37)
(1, -52, 36)
(0, -51, 37)
(1, -51, 37)
(0, -50, 37)
(1, -50, 36)
(0, -49, 36)
(0, -49, 35)
(1, -49, 34)
(0, -48, 34)
(0, -48, 33)
(1, -49, 32)
(1, -49, 31)
(0, -49, 31)
(0, -49, 30)
(1, -50, 29)
(1, -50, 28)
(0, -50, 28)
(0, -50, 27)
(1, -50, 26)
(0, -49, 26)
(0, -49, 25)
(1, -50, 24)
(0, -50, 25)
(1, -51, 24)
(0, -51, 25)
(1, -52, 24)
(0, -52, 25)
(1, -53, 24)
(1, -53, 23)
(1, -53, 22)
(1, -53, 21)
(0, -53, 21)
(1, -54, 20)
(0, -54, 20)
(1, -55, 19)
(0, -55, 19)
(1, -56, 18)
(0, -56, 19)
(1, -57, 18)
(0, -57, 18)
(1, -58, 17)
(1, -58, 16)
(1, -58, 15)
(0, -57, 15)
(1, -57, 14)
(0, -56, 15)
(0, -56, 16)
(1, -56, 16)
(0, -55, 17)
(1, -55, 16)
(0, -54, 17)
(1, -54, 17)
(0, -53, 17)
(1, -53, 16)
(0, -52, 16)
(1, -52, 15)
(0, -51, 15)
(0, -51, 14)
(1, -51, 13)
(0, -50, 14)
(1, -50, 14)
(0, -49, 15)
(1, -49, 15)
(0, -48, 15)
(0, -48, 14)
(1, -48, 13)
(0, -47, 14)
(1, -47, 13)
(0, -46, 14)
(0, -46, 15)
(0, -46, 16)
(0, -46, 17)
(1, -47, 17)
(0, -47, 17)
(1, -48, 17)
(0, -48, 17)
(1, -49, 17)
(0, -49, 17)
(1, -50, 16)
(0, -50, 17)
(0, -50, 18)
(1, -50, 18)
(0, -49, 19)
(0, -49, 20)
(0, -49, 21)
(1, -50, 21)
(1, -50, 22)
(0, -49, 23)
(1, -49, 22)
(0, -48, 22)
(0, -48, 21)
(1, -48, 20)
(0, -47, 20)
(1, -47, 20)
(0, -46, 21)
(1, -46, 21)
(0, -45, 22)
(0, -45, 23)
(1, -46, 23)
(0, -46, 23)
(1, -47, 23)
(0, -47, 24)
(0, -47, 25)
(0, -47, 26)
(1, -48, 26)
(1, -48, 27)
(0, -48, 28)
(0, -48, 29)
(1, -48, 29)
(0, -47, 29)
(1, -47, 29)
(0, -46, 30)
(0, -46, 31)
(0, -46, 32)
(1, -46, 32)
(0, -45, 32)
(1, -45, 31)
(0, -44, 32)
(0, -44, 33)
(1, -45, 33)
(1, -45, 34)
(0, -45, 35)
(0, -45, 36)
(1, -45, 36)
(0, -44, 37)
(1, -44, 36)
(0, -43, 37)
(1, -43, 37)
(0, -42, 38)
(1, -42, 38)
(0, -41, 39)
(1, -41, 39)
(0, -40, 39)
(0, -40, 38)
(0, -40, 37)
(1, -41, 36)
(0, -41, 36)
(1, -42, 35)
(1, -42, 34)
(0, -41, 34)
(1, -41, 34)
(0, -40, 34)
(1, -40, 34)
(0, -39, 34)
(1, -39, 33)
(0, -38, 33)
(1, -38, 33)
(0, -37, 33)
(1, -37, 33)
(1, -37, 34)
(0, -37, 35)
(1, -38, 35)
(1, -38, 36)
(0, -37, 37)
(1, -37, 36)
(0, -36, 36)
(1, -36, 36)
(0, -35, 37)
(1, -35, 36)
(1, -35, 35)
(1, -35, 34)
(1, -35, 33)
(0, -34, 33)
(0, -34, 32)
(0, -34, 31)
(1, -35, 30)
(0, -35, 31)
(1, -36, 30)
(0, -36, 30)
(0, -36, 29)
(1, -36, 28)
(0, -35, 28)
(1, -35, 28)
(0, -34, 29)
(1, -34, 29)
(0, -33, 29)
(1, -33, 29)
(0, -32, 30)
(0, -32, 31)
(0, -32, 32)
(1, -32, 32)
(0, -31, 32)
(1, -31, 32)
(0, -30, 32)
(0, -30, 31)
(0, -30, 30)
(1, -30, 29)
(0, -29, 30)
(1, -29, 30)
(1, -29, 31)
(1, -29, 32)
(1, -29, 33)
(0, -29, 34)
(1, -30, 33)
(0, -30, 34)
(1, -31, 34)
(0, -31, 34)
(1, -32, 34)
(0, -32, 35)
(1, -33, 34)
(0, -33, 34)
(1, -34, 34)
(1, -34, 35)
(1, -34, 36)
(1, -34, 37)
(0, -34, 38)
(1, -35, 38)
(0, -35, 39)
(1, -36, 39)
(0, -36, 40)
(1, -37, 39)
(0, -37, 39)
(1, -38, 38)
(0, -38, 39)
(0, -38, 40)
(1, -39, 40)
(0, -39, 40)
(1, -40, 40)
(1, -40, 41)
(1, -40, 42)
(1, -40, 43)
(0, -40, 44)
(0, -40, 45)
(1, -41, 45)
(0, -41, 46)
(0, -41, 47)
(1, -42, 47)
(0, -42, 47)
(1, -43, 46)
(0, -43, 46)
(1, -44, 46)
(1, -44, 47)
(0, -43, 48)
(1, -43, 48)
(0, -42, 49)
(0, -42, 50)
(0, -42, 51)
(0, -42, 52)
(1, -43, 52)
(1, -43, 53)
(0, -42, 54)
(1, -42, 53)
(0, -41, 53)
(0, -41, 52)
(1, -41, 51)
(0, -40, 52)
(0, -40, 53)
(0, -40, 54)
(1, -40, 54)
(0, -39, 54)
(1, -39, 54)
(0, -38, 54)
(1, -38, 54)
(0, -37, 54)
(0, -37, 53)
(1, -37, 52)
(1, -37, 51)
(1, -37, 50)
(0, -36, 50)
(1, -36, 49)
(0, -35, 49)
(1, -35, 48)
(0, -34, 49)
(1, -34, 49)
(0, -33, 50)
(0, -33, 51)
(1, -33, 51)
(1, -33, 52)
(0, -33, 53)
(0, -33, 54)
(1, -34, 54)
(1, -34, 55)
(0, -34, 56)
(1, -35, 55)
(1, -35, 54)
(0, -35, 54)
(1, -36, 53)
(0, -36, 54)
(0, -36, 55)
(1, -36, 55)
(1, -36, 56)
(1, -36, 57)
(1, -36, 58)
(1, -36, 59)
(1, -36, 60)
(1, -36, 61)
(1, -36, 62)
(0, -36, 63)
(1, -37, 62)
(1, -37, 61)
(0, -37, 61)
(1, -38, 60)
(0, -38, 61)
(0, -38, 62)
(1, -39, 62)
(0, -39, 62)
(1, -40, 62)
(1, -40, 63)
(1, -40, 64)
(0, -39, 65)
(1, -39, 64)
(0, -38, 64)
(1, -38, 64)
(1, -38, 65)
(0, -38, 66)
(1, -39, 66)
(1, -39, 67)
(0, -38, 68)
(1, -38, 67)
(0, -37, 67)
(1, -37, 66)
(0, -36, 67)
(1, -36, 67)
(1, -36, 68)
(1, -36, 69)
(0, -36, 70)
(1, -37, 69)
(0, -37, 69)
(1, -38, 69)
(1, -38, 70)
(0, -38, 71)
(0, -38, 72)
(0, -38, 73)
(1, -39, 73)
(1, -39, 74)
(0, -38, 75)
(1, -38, 75)
(0, -37, 76)
(1, -37, 75)
(0, -36, 75)
(0, -36, 74)
(1, -36, 73)
(0, -35, 73)
(1, -35, 72)
(0, -34, 72)
(0, -34, 71)
(0, -34, 70)
(1, -35, 69)
(1, -35, 68)
(1, -35, 67)
(0, -34, 67)
(1, -34, 66)
(0, -33, 66)
(1, -33, 66)
(0, -32, 67)
(0, -32, 68)
(1, -32, 68)
(0, -31, 69)
(1, -31, 68)
(0, -30, 69)
(1, -30, 68)
(0, -29, 69)
(0, -29, 70)
(1, -29, 70)
(0, -28, 70)
(0, -28, 69)
(1, -28, 68)
(0, -27, 69)
(1, -27, 68)
(0, -26, 69)
(0, -26, 70)
(0, -26, 71)
(1, -26, 71)
(0, -25, 71)
(1, -25, 70)
(0, -24, 71)
(0, -24, 72)
(1, -24, 72)
(1, -24, 73)
(1, -24, 74)
(0, -24, 75)
(0, -24, 76)
(0, -24, 77)
(1, -24, 77)
(0, -23, 77)
(0, -23, 76)
(1, -23, 75)
(0, -22, 75)
(0, -22, 74)
(0, -22, 73)
(0, -22, 72)
(1, -22, 71)
(0, -21, 71)
(1, -21, 71)
(0, -20, 72)
(0, -20, 73)
(0, -20, 74)
(1, -20, 74)
(0, -19, 74)
(1, -19, 73)
(0, -18, 73)
(1, -18, 72)
(1, -18, 71)
(0, -17, 71)
(1, -17, 70)
(0, -16, 71)
(0, -16, 72)
(0, -16, 73)
(0, -16, 74)
(1, -17, 74)
(0, -17, 74)
(1, -18, 74)
(1, -18, 75)
(1, -18, 76)
(0, -18, 77)
(0, -18, 78)
(1, -18, 78)
(1, -18, 79)
(1, -18, 80)
(0, -18, 81)
(0, -18, 82)
(0, -18, 83)
(1, -19, 83)
(1, -19, 84)
(1, -19, 85)
(1, -19, 86)
(0, -18, 87)
(1, -18, 87)
(1, -18, 88)
(1, -18, 89)
(1, -18, 90)
(0, -17, 91)
(1, -17, 91)
(1, -17, 92)
(1, -17, 93)
(0, -16, 94)
(1, -16, 94)
(0, -15, 94)
(0, -15, 93)
(1, -15, 92)
(0, -14, 93)
(1, -14, 93)
(0, -13, 93)
(0, -13, 92)
(0, -13, 91)
(1, -14, 90)
(0, -14, 90)
(1, -15, 89)
(0, -15, 90)
(1, -16, 90)
(0, -16, 90)
(1, -17, 89)
(1, -17, 88)
(0, -16, 88)
(0, -16, 87)
(0, -16, 86)
(0, -16, 85)
(1, -16, 84)
(0, -15, 85)
(1, -15, 84)
(0, -14, 84)
(0, -14, 83)
(0, -14, 82)
(1, -15, 81)
(0, -15, 82)
(1, -16, 81)
(0, -16, 82)
(1, -17, 81)
(1, -17, 80)
(0, -16, 80)
(1, -16, 79)
(1, -16, 78)
(0, -16, 78)
(0, -16, 77)
(1, -16, 76)
(1, -16, 75)
(0, -15, 75)
(0, -15, 74)
(1, -15, 73)
(0, -14, 73)
(0, -14, 72)
(0, -14, 71)
(0, -14, 70)
(1, -14, 69)
(0, -13, 70)
(1, -13, 70)
(0, -12, 70)
(1, -12, 70)
(1, -12, 71)
(1, -12, 72)
(0, -12, 73)
(1, -13, 72)
(0, -13, 73)
(0, -13, 74)
(1, -13, 74)
(0, -12, 75)
(0, -12, 76)
(0, -12, 77)
(1, -13, 77)
(0, -13, 77)
(1, -14, 76)
(0, -14, 77)
(0, -14, 78)
(1, -14, 78)
(0, -13, 79)
(0, -13, 80)
(0, -13, 81)
(0, -13, 82)
(1, -13, 82)
(0, -12, 82)
(1, -12, 81)
(1, -12, 80)
(0, -11, 80)
(0, -11, 79)
(1, -11, 78)
(1, -11, 77)
(0, -10, 77)
(1, -10, 76)
(0, -9, 77)
(1, -9, 77)
(0, -8, 78)
(1, -8, 78)
(0, -7, 79)
(1, -7, 79)
(1, -7, 80)
(0, -6, 81)
(1, -6, 80)
(1, -6, 79)
(1, -6, 78)
(0, -6, 78)
(1, -7, 77)
(0, -7, 77)
(1, -8, 76)
(0, -8, 76)
(0, -8, 75)
(1, -8, 74)
(0, -7, 74)
(1, -7, 73)
(0, -6, 73)
(0, -6, 72)
(0, -6, 71)
(1, -6, 70)
(0, -5, 71)
(1, -5, 71)
(0, -4, 72)
(1, -4, 71)
(0, -3, 71)
(1, -3, 70)
(1, -3, 69)
(0, -2, 69)
(1, -2, 69)
(1, -2, 70)
(0, -1, 71)
(0, -1, 72)
(1, -1, 72)
(0, 0, 73)
(1, 0, 73)
(0, 1, 73)
(1, 1, 72)
(0, 2, 72)
(1, 2, 72)
(0, 3, 73)
(1, 3, 73)
(0, 4, 73)
(0, 4, 72)
(0, 4, 71)
(1, 4, 70)
(1, 4, 69)
(1, 4, 68)
(0, 5, 68)
(1, 5, 68)
(0, 6, 69)
(1, 6, 68)
(0, 7, 68)
(0, 7, 67)
(1, 7, 66)
(0, 8, 66)
(1, 8, 66)
(0, 9, 66)
(1, 9, 65)
(0, 10, 66)
(1, 10, 66)
(0, 11, 67)
(1, 11, 66)
(0, 12, 66)
(1, 12, 66)
(1, 12, 67)
(1, 12, 68)
(0, 12, 69)
(1, 11, 69)
(1, 11, 70)
(0, 12, 71)
(0, 12, 72)
(1, 12, 72)
(0, 13, 72)
(1, 13, 72)
(0, 14, 73)
(1, 14, 72)
(0, 15, 73)
(0, 15, 74)
(1, 15, 74)
(0, 16, 75)
(0, 16, 76)
(1, 16, 76)
(1, 16, 77)
(0, 16, 78)
(1, 15, 77)
(0, 15, 78)
(1, 14, 77)
(0, 14, 77)
(1, 13, 76)
(0, 13, 77)
(0, 13, 78)
(1, 12, 78)
(1, 12, 79)
(0, 13, 80)
(1, 13, 80)
(0, 14, 80)
(1, 14, 79)
(0, 15, 80)
(1, 15, 79)
(0, 16, 80)
(0, 16, 81)
(1, 15, 81)
(1, 15, 82)
