1818
1878
1002
537
1969
600
653
925
1341
1719
1678
528
978
1040
500
670
1444
500
1452
1125
500
500
838
1524
1859
1347
1706
1151
1460
500
500
1746
1829
1830
1539
1013
1085
1862
532
897
1177
500
1973
508
500
1904
1446
1496
500
500
962
1819
1445
1206
500
1171
500
1936
1528
2201
515
1453
851
1596
1480
945
651
1953
796
2136
2006
524
1366
1034
1412
500
500
639
1299
571
2147
1525
2207
540
734
1503
1399
776
984
500
2111
2085
1582
749
1331
1291
1518
500
500
500
752
1592
2080
1723
1789
500
1489
1551
628
500
1084
1827
1535
1402
1727
1619
1969
1127
500
888
845
822
1791
2008
500
1812
1212
821
1753
500
2137
1032
1838
573
1606
2270
719
1905
1807
910
514
1853
500
549
750
1108
500
536
1780
1374
1596
1930
1429
1063
2082
1368
699
1931
1494
1840
821
1756
2281
1390
550
1303
1412
1541
1207
1920
518
1424
1721
1378
1804
1076
752
500
664
1092
500
721
1076
500
954
1505
1725
995
500
618
2180
1721
2121
2104
720
1470
514
1296
967
500
500
526
1491
1271
2092
1869
1077
1465
599
1313
869
1388
500
1902
500
1805
1220
500
1026
1446
1373
1414
1604
667
505
717
1958
1852
1585
529
1737
1928
1093
2039
2384
2006
702
1948
686
1278
1938
1252
857
702
2256
1421
571
2140
545
1182
1598
1061
1028
2167
2140
1008
936
500
1655
605
1370
500
1974
1369
500
583
1639
551
1952
1899
631
817
2018
837
2013
1009
2002
1822
1710
1109
500
878
2165
893
546
711
1016
1284
500
754
668
1344
2204
1661
1403
1734
955
500
982
2204
500
500
1396
1031
643
910
1747
1337
1540
1785
1779
986
500
762
1332
1321
1286
2013
2132
1010
1247
500
655
1477
1841
1874
513
836
1615
655
1528
590
1531
1633
2100
1400
1941
1307
1393
926
1556
1247
500
683
2091
533
1173
1207
1624
1980
1110
500
561
605
998
1396
534
500
1245
2074
2043
1712
1291
1060
929
2276
1205
1905
1102
847
1164
1350
644
2101
500
1697
822
2083
955
1287
1015
685
1855
516
1703
682
569
976
1953
730
1762
1891
1536
561
1128
517
1507
1690
586
2213
500
2065
1399
1412
887
1726
1859
1586
1747
2001
1620
1045
668
1995
1117
1318
1364
1238
1133
829
1258
573
1747
1068
1341
1033
1456
500
500
587
1432
1413
597
1789
1266
1828
1176
729
684
1974
887
500
1317
1007
586
2249
1046
606
700
1134
2028
1401
2459
1609
816
752
1284
1000
1311
1707
1133
1650
982
939
2368
1533
500
931
1135
529
1144
1442
1633
751
2121
1572
739
1302
2318
622
1908
791
1060
1806
2028
1330
1577
1700
500
1895
1603
1679
1580
1155
777
1230
500
1576
500
500
1056
1399
1740
1774
1721
527
500
1535
500
1267
1213
500
1667
1345
1423
588
500
2284
1877
1927
676
1084
1073
2107
1544
1183
1732
2059
2094
1741
921
2089
1485
682
500
954
1867
632
1006
599
1690
2133
1366
1058
1265
500
1313
2193
710
2098
1605
1378
2052
1962
1511
513
2101
743
500
1687
661
1640
963
745
892
1708
689
2298
705
1372
500
2149
1642
511
2117
1616
1981
1288
850
1804
610
500
1569
978
1928
547
589
1803
1990
1967
1823
2281
1855
1829
2329
1404
1292
688
2155
1708
1177
531
1115
838
732
1862
1588
1117
1815
1716
515
2117
562
2081
1953
1567
2010
1361
2143
2004
909
772
1098
989
1485
1410
2084
1286
803
917
1625
1741
1585
1113
500
1571
607
2129
844
1174
1563
1583
2089
1140
500
1517
500
675
1325
720
500
1875
2154
879
554
1584
1075
531
1840
1086
911
720
577
1900
1067
1649
2082
1873
852
2072
1796
500
974
552
500
1731
1739
1743
1637
890
986
1683
570
512
810
500
1302
1519
1406
1998
1149
1098
588
1433
1316
1624
1425
583
1315
511
1220
723
1708
894
500
500
1679
1979
500
500
1182
599
1270
1620
2121
702
959
2194
630
1647
500
1245
734
1407
1913
998
1337
553
2125
2141
2305
2118
662
1861
1365
1274
1855
2238
500
1342
651
1340
983
1182
2022
1597
500
2080
2204
1055
1664
500
742
500
592
500
1378
870
1039
1426
779
2394
1568
2011
1360
1303
1851
563
500
1636
1681
596
500
1925
587
1793
1751
1313
2112
1344
1824
929
1689
1511
500
640
500
2064
882
1430
1605
1754
886
800
1082
1637
583
1394
2020
1042
704
2016
500
1400
1653
933
1458
1114
1058
1331
1080
650
1269
1914
500
1700
1751
2237
642
1132
624
1910
1153
2130
2111
2093
540
840
1277
2042
1608
1097
500
500
2194
2268
1459
520
1771
2248
854
1793
1970
592
500
2090
2110
1355
568
892
1756
753
500
1314
1119
637
500
1069
719
734
1617
1573
2196
595
843
1844
852
753
1016
1805
1294
582
1013
667
610
972
576
848
1913
871
1649
500
1121
1053
685
1544
535
584
1269
1821
1934
592
906
1571
1647
1363
1066
1347
1475
862
1041
1870
500
1366
2002
1072
804
2148
1755
763
1529
500
1085
1777
740
500
1043
1874
1866
2090
500
1849
500
1894
500
500
1720
1866
1897
1436
1424
500
2073
2009
500
1360
1665
1585
559
940
756
566
2285
675
1113
1951
629
2009
1085
1414
821
1368
2156
1838
913
1039
1345
1898
2013
1565
2087
1570
2150
2360
549
1838
2012
500
720
1780
1276
2091
1954
500
1947
2114
872
557
2032
500
1021
836
902
1435
717
950
1447
1869
1622
1992
500
1989
1669
1517
1577
500
1438
500
1220
2135
